   5.0000000e+00   7.7685185e-01
   6.0000000e+00   5.6018519e-01
   7.0000000e+00   4.3796296e-01
   8.0000000e+00   3.6018519e-01
   9.0000000e+00   3.0648148e-01
   1.0000000e+01   2.6574074e-01
   1.1000000e+01   2.3518519e-01
   1.2000000e+01   2.1111111e-01
   1.3000000e+01   1.9166667e-01
   1.4000000e+01   1.7500000e-01
   1.5000000e+01   1.6111111e-01
   1.6000000e+01   1.5000000e-01
   1.7000000e+01   1.3981481e-01
   1.8000000e+01   1.3055556e-01
   1.9000000e+01   1.2314815e-01
   2.0000000e+01   1.1666667e-01
   2.1000000e+01   1.1018519e-01
   2.2000000e+01   1.0462963e-01
   2.3000000e+01   1.0000000e-01
   2.4000000e+01   9.5370370e-02
   2.5000000e+01   9.0740741e-02
   2.6000000e+01   8.7037037e-02
   2.7000000e+01   8.3333333e-02
   2.8000000e+01   8.0555556e-02
   2.9000000e+01   7.7777778e-02
   3.0000000e+01   7.5000000e-02
   3.1000000e+01   7.2222222e-02
   3.2000000e+01   6.9444444e-02
   3.3000000e+01   6.7592593e-02
   3.4000000e+01   6.5740741e-02
   3.5000000e+01   6.3888889e-02
   3.6000000e+01   6.2037037e-02
   3.7000000e+01   6.0185185e-02
   3.8000000e+01   5.8333333e-02
   3.9000000e+01   5.6481481e-02
   4.0000000e+01   5.5555556e-02
   4.1000000e+01   5.3703704e-02
   4.2000000e+01   5.2777778e-02
   4.3000000e+01   5.0925926e-02
   4.4000000e+01   5.0000000e-02
   4.5000000e+01   4.9074074e-02
   4.6000000e+01   4.8148148e-02
   4.7000000e+01   4.6296296e-02
   4.8000000e+01   4.5370370e-02
   4.9000000e+01   4.4444444e-02
   5.0000000e+01   4.3518519e-02
   5.1000000e+01   4.2592593e-02
   5.3000000e+01   4.1666667e-02
   5.4000000e+01   4.0740741e-02
   5.5000000e+01   3.9814815e-02
   5.6000000e+01   3.8888889e-02
   5.7000000e+01   3.7962963e-02
   5.9000000e+01   3.7037037e-02
   6.0000000e+01   3.6111111e-02
   6.2000000e+01   3.5185185e-02
   6.3000000e+01   3.4259259e-02
   6.5000000e+01   3.3333333e-02
   6.7000000e+01   3.2407407e-02
   6.9000000e+01   3.1481481e-02
   7.1000000e+01   3.0555556e-02
   7.3000000e+01   2.9629630e-02
   7.5000000e+01   2.8703704e-02
   7.8000000e+01   2.7777778e-02
   8.0000000e+01   2.6851852e-02
   8.3000000e+01   2.5925926e-02
   8.6000000e+01   2.5000000e-02
   9.0000000e+01   2.4074074e-02
   9.3000000e+01   2.3148148e-02
   9.7000000e+01   2.2222222e-02
   1.0100000e+02   2.1296296e-02
   1.0600000e+02   2.0370370e-02
   1.1000000e+02   1.9444444e-02
   1.1600000e+02   1.8518519e-02
   1.2200000e+02   1.7592593e-02
   1.2900000e+02   1.6666667e-02
   1.3600000e+02   1.5740741e-02
   1.4500000e+02   1.4814815e-02
   1.5400000e+02   1.3888889e-02
   1.6500000e+02   1.2962963e-02
   1.7800000e+02   1.2037037e-02
   1.9300000e+02   1.1111111e-02
   2.1000000e+02   1.0185185e-02
   2.3200000e+02   9.2592593e-03
   2.5700000e+02   8.3333333e-03
   2.9000000e+02   7.4074074e-03
   3.3200000e+02   6.4814815e-03
   3.8700000e+02   5.5555556e-03
   4.6600000e+02   4.6296296e-03
   5.8300000e+02   3.7037037e-03
   7.8100000e+02   2.7777778e-03
   1.1770000e+03   1.8518519e-03
   2.3790000e+03   9.2592593e-04
