2.250000e-06 4.000000e-07 466433 6.220600e-07 7.988190e-01
2.250000e-06 4.100000e-07 411129 6.225870e-07 7.175660e-01
2.250000e-06 4.200000e-07 309455 6.230450e-07 1.174720e-01
2.250000e-06 4.300000e-07 203637 6.234150e-07 1.247090e-01
2.250000e-06 4.400000e-07 377981 6.237320e-07 5.826450e-01
2.250000e-06 4.500000e-07 570200 6.240150e-07 3.531550e-01
2.250000e-06 4.600000e-07 758422 6.242450e-07 3.536330e+00
2.250000e-06 4.700000e-07 1013510 6.244220e-07 5.011520e+00
2.250000e-06 4.800000e-07 1211840 6.245810e-07 2.018300e+00
2.250000e-06 4.900000e-07 1347530 6.247230e-07 2.623160e+00
2.250000e-06 5.000000e-07 1014470 6.248110e-07 7.461140e+00
2.250000e-06 5.100000e-07 991277 6.249000e-07 7.498020e+00
2.250000e-06 5.200000e-07 815511 6.249710e-07 3.050040e+00
2.250000e-06 5.300000e-07 643709 6.250240e-07 1.134920e+00
2.250000e-06 5.400000e-07 544107 6.250770e-07 2.129230e+00
2.250000e-06 5.500000e-07 466608 6.251120e-07 8.658480e-01
2.250000e-06 5.600000e-07 445786 6.251300e-07 8.659400e-01
2.250000e-06 5.700000e-07 452459 6.251480e-07 2.038980e+00
2.250000e-06 5.800000e-07 534079 6.251660e-07 1.697760e-01
2.250000e-06 5.900000e-07 171369 6.260540e-07 1.487660e-01
2.250000e-06 6.000000e-07 413302 6.339240e-07 1.467930e+00
2.260000e-06 4.000000e-07 444103 6.247050e-07 1.370560e-01
2.260000e-06 4.100000e-07 357167 6.252540e-07 2.118760e-01
2.260000e-06 4.200000e-07 310041 6.257160e-07 3.447990e-01
2.260000e-06 4.300000e-07 183557 6.261070e-07 2.251150e-01
2.260000e-06 4.400000e-07 298096 6.264270e-07 5.029380e-01
2.260000e-06 4.500000e-07 467027 6.267120e-07 1.347120e+00
2.260000e-06 4.600000e-07 588439 6.269440e-07 2.126000e+00
2.260000e-06 4.700000e-07 783610 6.271580e-07 4.010040e+00
2.260000e-06 4.800000e-07 1001130 6.273190e-07 3.790830e+00
2.260000e-06 4.900000e-07 1159710 6.274440e-07 1.850950e+00
2.260000e-06 5.000000e-07 914294 6.275510e-07 2.949480e+00
2.260000e-06 5.100000e-07 1071150 6.276410e-07 3.427600e+00
2.260000e-06 5.300000e-07 855181 6.277840e-07 3.384210e+00
2.260000e-06 5.400000e-07 732185 6.278190e-07 1.106000e+00
2.260000e-06 5.500000e-07 614439 6.278550e-07 9.089380e-01
2.260000e-06 5.700000e-07 506802 6.279090e-07 1.918450e+00
2.260000e-06 5.800000e-07 513017 6.279270e-07 2.083750e+00
2.260000e-06 6.000000e-07 522399 6.113940e-07 7.212370e-01
2.270000e-06 4.100000e-07 429347 6.279270e-07 8.377670e-01
2.270000e-06 4.200000e-07 362559 6.283920e-07 1.107190e+00
2.270000e-06 4.300000e-07 172808 6.288050e-07 5.060300e-02
2.270000e-06 4.400000e-07 315464 6.291460e-07 2.964010e-01
2.270000e-06 4.500000e-07 500617 6.294330e-07 8.252430e-01
2.270000e-06 4.600000e-07 712163 6.296850e-07 3.342190e+00
2.270000e-06 4.700000e-07 951637 6.298830e-07 1.066710e+01
2.270000e-06 4.800000e-07 1239740 6.300450e-07 1.798310e+01
2.270000e-06 5.000000e-07 609347 6.302980e-07 2.691930e+00
2.270000e-06 5.100000e-07 1063520 6.304060e-07 5.147120e+00
2.270000e-06 5.300000e-07 682707 6.305320e-07 1.625040e+00
2.270000e-06 5.400000e-07 546036 6.305860e-07 1.505280e+00
2.270000e-06 5.500000e-07 479191 6.306220e-07 1.923000e+00
2.270000e-06 5.600000e-07 448583 6.306580e-07 3.696430e-01
2.270000e-06 5.700000e-07 442633 6.306760e-07 1.004610e+00
2.270000e-06 5.800000e-07 502794 6.306940e-07 9.900850e-01
2.270000e-06 5.900000e-07 719486 6.307130e-07 1.057710e+00
2.270000e-06 6.000000e-07 445434 6.139660e-07 5.310140e-01
2.280000e-06 4.000000e-07 487153 6.300090e-07 8.915640e-01
2.280000e-06 4.100000e-07 396534 6.305860e-07 1.244490e+00
2.280000e-06 4.200000e-07 385754 6.310740e-07 2.614180e-01
2.280000e-06 4.300000e-07 154061 6.314720e-07 9.030570e-02
2.280000e-06 4.400000e-07 291870 6.318520e-07 2.936500e-01
2.280000e-06 4.500000e-07 453072 6.321420e-07 2.299030e-01
2.280000e-06 4.600000e-07 587083 6.323960e-07 8.403910e-01
2.280000e-06 4.700000e-07 851829 6.326140e-07 2.715030e+00
2.280000e-06 4.800000e-07 1005140 6.327950e-07 3.504510e+00
2.280000e-06 4.900000e-07 1224530 6.329410e-07 1.776440e+01
2.280000e-06 5.000000e-07 133844 6.330860e-07 1.371010e+01
2.280000e-06 5.100000e-07 1024080 6.331590e-07 1.514060e+00
2.280000e-06 5.200000e-07 909387 6.332320e-07 1.593890e+01
2.280000e-06 5.300000e-07 815672 6.333050e-07 6.948680e+00
2.280000e-06 5.500000e-07 579857 6.333960e-07 1.543820e+00
2.280000e-06 5.600000e-07 517846 6.334140e-07 2.690660e+00
2.280000e-06 5.700000e-07 496044 6.334500e-07 1.199010e+00
2.280000e-06 5.800000e-07 520148 6.334680e-07 2.329420e+00
2.280000e-06 5.900000e-07 617114 6.334870e-07 2.309310e+00
2.280000e-06 6.000000e-07 418695 6.165250e-07 5.775410e-01
2.290000e-06 4.000000e-07 432383 6.326500e-07 5.999870e-01
2.290000e-06 4.100000e-07 409155 6.332500e-07 3.268490e-01
2.290000e-06 4.200000e-07 445608 6.096180e-07 5.002480e-01
2.290000e-06 4.400000e-07 254686 6.345450e-07 2.235560e-01
2.290000e-06 4.500000e-07 377256 6.348550e-07 3.228200e-01
2.290000e-06 4.600000e-07 536547 6.351120e-07 9.914380e-01
2.290000e-06 4.700000e-07 676659 6.353310e-07 2.253460e+00
2.290000e-06 4.800000e-07 978724 6.355140e-07 2.908500e+00
2.290000e-06 4.900000e-07 1136030 6.356790e-07 5.064050e+00
2.290000e-06 5.000000e-07 1172550 6.358080e-07 2.524420e+00
2.290000e-06 5.100000e-07 1117400 6.359000e-07 3.885370e+00
2.290000e-06 5.300000e-07 1013340 6.360460e-07 4.048410e+00
2.290000e-06 5.400000e-07 839558 6.361020e-07 6.037200e+00
2.290000e-06 5.500000e-07 701068 6.114790e-07 2.582460e+00
2.290000e-06 5.600000e-07 672950 6.114960e-07 6.922600e-01
2.290000e-06 5.700000e-07 523535 6.362120e-07 1.603370e+00
2.290000e-06 5.800000e-07 495778 6.362300e-07 1.205530e+00
2.290000e-06 5.900000e-07 282531 6.120050e-07 9.394300e-01
2.290000e-06 6.000000e-07 412650 6.190710e-07 7.292260e-01
2.300000e-06 4.000000e-07 511158 6.353130e-07 1.636630e+00
2.300000e-06 4.100000e-07 455825 6.359180e-07 8.542740e-01
2.300000e-06 4.200000e-07 423451 6.364320e-07 2.013280e+00
2.300000e-06 4.300000e-07 358199 6.368920e-07 6.549700e-01
2.300000e-06 4.400000e-07 290702 6.128730e-07 5.539760e-01
2.300000e-06 4.500000e-07 587761 6.131290e-07 1.129910e+00
2.300000e-06 4.600000e-07 894327 6.133340e-07 3.733790e+00
2.300000e-06 4.700000e-07 824999 6.380720e-07 1.325840e+00
2.300000e-06 4.800000e-07 2025810 6.136580e-07 5.376280e+01
2.300000e-06 4.900000e-07 3082850 6.137780e-07 2.485650e+01
2.300000e-06 5.000000e-07 1409010 6.385530e-07 5.392900e+00
2.300000e-06 5.100000e-07 2530090 6.139490e-07 2.485420e+01
2.300000e-06 5.300000e-07 1246330 6.140690e-07 9.232990e+00
2.300000e-06 5.400000e-07 889178 6.141030e-07 1.398930e+00
2.300000e-06 5.500000e-07 710415 6.141370e-07 5.123000e+00
2.300000e-06 5.600000e-07 650542 6.141710e-07 7.502120e+00
2.300000e-06 5.700000e-07 698944 6.141880e-07 2.590700e+00
2.300000e-06 5.800000e-07 808318 6.142050e-07 4.148530e+00
2.310000e-06 4.000000e-07 503596 6.379430e-07 2.614940e-01
2.310000e-06 4.100000e-07 399766 6.143420e-07 1.683550e+00
2.310000e-06 4.200000e-07 440651 6.147880e-07 2.138130e+00
2.310000e-06 4.300000e-07 346375 6.395540e-07 5.359250e-01
2.310000e-06 4.400000e-07 282068 6.154580e-07 2.073290e-01
2.310000e-06 4.500000e-07 506194 6.157160e-07 1.001330e+00
2.310000e-06 4.600000e-07 725846 6.159390e-07 1.098650e+00
2.310000e-06 4.700000e-07 1051580 6.161290e-07 9.531590e+00
2.310000e-06 4.800000e-07 1526110 6.162840e-07 3.864860e+00
2.310000e-06 4.900000e-07 2117970 6.164050e-07 1.445330e+01
2.310000e-06 5.000000e-07 1287720 6.412850e-07 1.110970e+01
2.310000e-06 5.100000e-07 2146000 6.165770e-07 4.700970e+00
2.310000e-06 5.200000e-07 1562860 6.166460e-07 5.948940e+01
2.310000e-06 5.300000e-07 1109180 6.167150e-07 4.652890e+00
2.310000e-06 5.400000e-07 824153 6.167500e-07 6.815000e+00
2.310000e-06 5.500000e-07 613190 6.167840e-07 1.847480e+00
2.310000e-06 5.600000e-07 571196 6.168190e-07 8.423020e-01
2.310000e-06 5.700000e-07 585658 6.168360e-07 8.411100e-01
2.310000e-06 5.800000e-07 684765 6.168530e-07 3.432210e+00
2.310000e-06 5.900000e-07 898974 6.168700e-07 8.728310e+00
2.310000e-06 6.000000e-07 341137 6.241740e-07 4.011800e-01
2.320000e-06 4.000000e-07 344275 6.164050e-07 4.510790e-01
2.320000e-06 4.100000e-07 327013 6.169220e-07 2.839340e-01
2.320000e-06 4.200000e-07 369493 6.173720e-07 6.695950e-01
2.320000e-06 4.300000e-07 367379 6.422380e-07 9.897900e-01
2.320000e-06 4.400000e-07 180168 6.180640e-07 5.007990e-02
2.320000e-06 4.500000e-07 515087 6.183420e-07 1.053530e+00
2.320000e-06 4.600000e-07 837882 6.185670e-07 2.993940e+00
2.320000e-06 4.700000e-07 1334410 6.187580e-07 1.393240e+01
2.320000e-06 4.800000e-07 2142420 6.189150e-07 1.731350e+01
2.320000e-06 4.900000e-07 3087270 6.190540e-07 3.694790e+01
2.320000e-06 5.000000e-07 2063950 6.191580e-07 1.511570e+01
2.320000e-06 5.100000e-07 2971160 6.192450e-07 3.880480e+01
2.320000e-06 5.300000e-07 1362710 6.193670e-07 6.842410e+00
2.320000e-06 5.500000e-07 691142 6.194540e-07 2.351030e+00
2.320000e-06 5.600000e-07 596340 6.194720e-07 1.912100e+00
2.320000e-06 5.700000e-07 589235 6.195060e-07 2.145760e+00
2.320000e-06 5.800000e-07 648260 6.195240e-07 4.464890e+00
2.320000e-06 5.900000e-07 808238 6.195410e-07 1.651460e+00
2.320000e-06 6.000000e-07 269531 6.206930e-07 1.606590e-01
2.330000e-06 4.000000e-07 413196 6.189500e-07 4.124940e-01
2.330000e-06 4.100000e-07 377531 6.194890e-07 6.748180e-01
2.330000e-06 4.200000e-07 379092 6.199420e-07 4.197420e-01
2.330000e-06 4.400000e-07 127659 6.206760e-07 7.352650e-02
2.330000e-06 4.500000e-07 425395 6.209550e-07 6.450430e-01
2.330000e-06 4.600000e-07 631911 6.211830e-07 1.535980e+00
2.330000e-06 4.800000e-07 1463060 6.215510e-07 6.237550e+00
2.330000e-06 4.900000e-07 2170150 6.216910e-07 4.833580e+01
2.330000e-06 5.000000e-07 2968290 6.217960e-07 4.934920e+01
2.330000e-06 5.100000e-07 2439330 6.218840e-07 1.378220e+01
2.330000e-06 5.200000e-07 2231020 6.219540e-07 3.328560e+01
2.330000e-06 5.400000e-07 1117530 6.220600e-07 1.117430e+00
2.330000e-06 5.500000e-07 797934 6.221120e-07 1.322630e+00
2.330000e-06 5.600000e-07 691681 6.221300e-07 2.549320e+00
2.330000e-06 5.700000e-07 665771 6.221650e-07 1.106390e+00
2.330000e-06 5.800000e-07 737175 6.221830e-07 1.426400e+00
2.330000e-06 6.000000e-07 292650 6.225870e-07 1.233670e+01
2.340000e-06 4.000000e-07 422121 6.214980e-07 8.563590e-01
2.340000e-06 4.100000e-07 363578 6.220420e-07 4.885850e-01
2.340000e-06 4.200000e-07 383679 6.225170e-07 3.118860e-01
2.340000e-06 4.300000e-07 512368 6.229390e-07 2.565920e+00
2.340000e-06 4.400000e-07 9.505950e+04 6.232560e-07 6.398370e-02
2.340000e-06 4.500000e-07 384992 6.235560e-07 1.309190e-01
2.340000e-06 4.600000e-07 603016 6.238030e-07 1.670310e+00
2.340000e-06 4.800000e-07 1322650 6.241740e-07 5.040860e+00
2.340000e-06 4.900000e-07 1981260 6.243160e-07 2.620890e+01
2.340000e-06 5.000000e-07 2943360 6.244390e-07 1.574010e+01
