2.45e-006 4.5e-007 328321 6.28882e-007 0.248965
2.45e-006 4.6e-007 332904 6.17808e-007 0.254521
2.45e-006 4.7e-007 799167 6.18015e-007 1.86119
2.45e-006 4.8e-007 746532 6.29605e-007 2.27234
2.45e-006 4.9e-007 1.28682e+006 6.18335e-007 5.40479
2.45e-006 5e-007 1.09993e+006 6.18467e-007 1092.06
2.45e-006 5.1e-007 901450 6.18562e-007 1.79453
2.45e-006 5.2e-007 2.08182e+006 6.30133e-007 169.018
2.45e-006 5.3e-007 440004 6.18713e-007 1.74295
2.45e-006 5.4e-007 -20822.2 6.30251e-007 32550.3
2.45e-006 5.5e-007 261996 6.18807e-007 1.05325
2.45e-006 5.6e-007 378919 6.30349e-007 2.20732
2.45e-006 5.7e-007 352226 6.30388e-007 1.66939
2.45e-006 5.8e-007 362921 6.30407e-007 0.264077
2.45e-006 5.9e-007 416134 6.30427e-007 0.465419
2.45e-006 6e-007 495607 6.30447e-007 1.78269
2.46e-006 4.5e-007 389755 6.20004e-007 0.342238
2.46e-006 4.6e-007 213487 6.20269e-007 0.292911
2.46e-006 4.7e-007 510837 6.20496e-007 0.692305
2.46e-006 4.8e-007 452477 6.32106e-007 1.94285
2.46e-006 4.9e-007 474802 6.20819e-007 1.32012
2.46e-006 5e-007 386044 6.20952e-007 0.599679
2.46e-006 5.1e-007 365940 6.21066e-007 0.458344
2.46e-006 5.2e-007 729139 6.32658e-007 0.774528
2.46e-006 5.3e-007 426079 6.32717e-007 1.30048
2.46e-006 5.4e-007 317591 6.21275e-007 0.145786
2.46e-006 5.5e-007 375449 6.21313e-007 10832.7
2.46e-006 5.6e-007 -23379.4 6.21351e-007 69496.7
2.46e-006 5.7e-007 411935 6.32914e-007 0.72759
2.46e-006 5.8e-007 362706 6.21408e-007 0.348397
2.46e-006 5.9e-007 462980 6.21427e-007 1.37044
2.46e-006 6e-007 482292 6.32993e-007 0.345006
2.47e-006 4.5e-007 506474 6.11484e-007 1.71894
2.47e-006 4.6e-007 475867 6.11705e-007 1.82482
2.47e-006 4.7e-007 1.18649e+006 6.11927e-007 3987.79
2.47e-006 4.8e-007 625402 6.34647e-007 3.01491
2.47e-006 4.9e-007 1.0824e+006 6.2331e-007 3.76623
2.47e-006 5e-007 951208 6.23444e-007 2.08217
2.47e-006 5.1e-007 1.04256e+006 6.12444e-007 1.2113
2.47e-006 5.2e-007 2.39402e+006 6.23674e-007 111.244
2.47e-006 5.3e-007 493284 6.23713e-007 0.433277
2.47e-006 5.4e-007 363963 6.2377e-007 75080.2
2.47e-006 5.5e-007 -43910.6 6.23809e-007 49520.7
2.47e-006 5.6e-007 276307 6.23847e-007 0.201631
2.47e-006 5.7e-007 225507 6.23885e-007 0.133229
2.47e-006 5.8e-007 224602 6.23905e-007 0.172223
2.47e-006 5.9e-007 263535 6.23924e-007 0.438567
2.47e-006 6e-007 318643 6.23943e-007 0.66046
2.48e-006 4.5e-007 2.08033e+006 6.36398e-007 948.641
2.48e-006 4.6e-007 386755 6.1412e-007 1.66082
2.48e-006 4.7e-007 520888 6.25417e-007 0.559639
2.48e-006 4.8e-007 646311 6.2561e-007 0.392514
2.48e-006 4.9e-007 216700 6.25783e-007 164915
2.48e-006 5e-007 539720 6.25918e-007 1.86391
2.48e-006 5.1e-007 496725 6.26034e-007 0.313745
2.48e-006 5.2e-007 597583 6.26131e-007 2.82713
2.48e-006 5.3e-007 511577 6.15013e-007 0.710706
2.48e-006 5.4e-007 482876 6.15069e-007 1.23932
2.48e-006 5.5e-007 -304822 6.15144e-007 327149
2.48e-006 5.6e-007 345089 6.26343e-007 1.5754
2.48e-006 5.7e-007 288748 6.26382e-007 0.263034
2.48e-006 5.8e-007 271767 6.26401e-007 0.333622
2.48e-006 5.9e-007 448842 6.15218e-007 0.735711
2.48e-006 6e-007 403420 6.2644e-007 0.805538
2.49e-006 4.5e-007 945524 6.3889e-007 0.809277
2.49e-006 4.6e-007 251748 6.39192e-007 0.120505
2.49e-006 4.7e-007 519412 6.27884e-007 0.717466
2.49e-006 4.8e-007 757208 6.28098e-007 1.91368
2.49e-006 4.9e-007 1.60256e+006 6.17101e-007 10.8624
2.49e-006 5e-007 1.63702e+006 6.17233e-007 10.3163
2.49e-006 5.1e-007 601051 6.28527e-007 1.47158
2.49e-006 5.2e-007 2.97772e+006 6.1744e-007 1693.71
2.49e-006 5.3e-007 694900 6.17477e-007 1.99524
2.49e-006 5.4e-007 401853 6.28761e-007 0.910782
2.49e-006 5.5e-007 543062 6.1759e-007 6002.51
2.49e-006 5.6e-007 377128 6.28858e-007 0.490574
2.49e-006 5.7e-007 309690 6.28898e-007 0.594358
2.49e-006 5.8e-007 280754 6.28917e-007 0.293772
2.49e-006 5.9e-007 314452 6.28937e-007 0.350736
2.49e-006 6e-007 378312 6.28956e-007 0.344101
2.5e-006 4.5e-007 1.4698e+006 6.29874e-007 1776.54
2.5e-006 4.6e-007 113377 6.1898e-007 0.108154
2.5e-006 4.7e-007 891920 6.19188e-007 2.33942
2.5e-006 4.8e-007 1.36173e+006 6.19377e-007 18.2433
2.5e-006 4.9e-007 -52801.1 6.19528e-007 9363.81
2.5e-006 5e-007 1.44306e+006 6.19661e-007 4.87533
2.5e-006 5.1e-007 1.17569e+006 6.19774e-007 4.05714
2.5e-006 5.2e-007 1.31618e+006 6.19869e-007 3.65835
2.5e-006 5.3e-007 494793 6.19926e-007 1.41792
2.5e-006 5.4e-007 440818 6.19982e-007 1.05012
2.5e-006 5.5e-007 405304 6.31325e-007 0.620059
2.5e-006 5.6e-007 288183 6.4309e-007 70.3062
2.5e-006 5.7e-007 259995 6.31403e-007 1.31872
2.5e-006 5.8e-007 226194 6.31423e-007 0.423227
2.5e-006 5.9e-007 322186 6.20134e-007 13632.3
2.5e-006 6e-007 441761 6.20153e-007 0.804597
2.51e-006 4.5e-007 819106 6.323e-007 2.49628
2.51e-006 4.6e-007 624910 6.21393e-007 1.37819
2.51e-006 4.7e-007 1.04826e+006 6.21621e-007 0.473087
2.51e-006 4.8e-007 1.44997e+006 6.21811e-007 9.32017
2.51e-006 4.9e-007 -447560 6.21983e-007 1.05998e+007
2.51e-006 5e-007 1.24262e+006 6.22116e-007 14.6105
2.51e-006 5.1e-007 792091 6.11315e-007 3.51975
2.51e-006 5.2e-007 4.6589e+006 6.11444e-007 150.543
2.51e-006 5.3e-007 462591 6.22383e-007 0.738758
2.51e-006 5.4e-007 450049 6.2244e-007 1.2106
2.51e-006 5.5e-007 457531 6.22497e-007 1.68684
2.51e-006 5.6e-007 434079 6.22536e-007 24.8572
2.51e-006 5.7e-007 82924.9 6.23835e-007 10.5754
2.51e-006 5.8e-007 297148 6.22593e-007 0.60393
2.51e-006 5.9e-007 366490 6.22612e-007 0.319159
2.51e-006 6e-007 520233 6.22631e-007 3.81816
2.52e-006 4.5e-007 1.58253e+006 6.23578e-007 2108.31
2.52e-006 4.6e-007 340063 6.12988e-007 1.00764
2.52e-006 4.7e-007 675063 6.24058e-007 1.3602
2.52e-006 4.8e-007 1.34778e+006 6.2425e-007 9.1603
2.52e-006 4.9e-007 2.03013e+006 6.24423e-007 32727.8
2.52e-006 5e-007 2.11614e+006 6.24557e-007 15.0143
2.52e-006 5.1e-007 1.72226e+006 6.24673e-007 63763.6
2.52e-006 5.2e-007 1.50045e+006 6.24769e-007 5.87679
2.52e-006 5.3e-007 1.57912e+006 6.36212e-007 7.79928
2.52e-006 5.4e-007 591297 6.24904e-007 3.04422
2.52e-006 5.5e-007 527964 6.24961e-007 1.43082
2.52e-006 5.6e-007 447560 6.25e-007 81734.7
2.52e-006 5.7e-007 368384 6.25038e-007 0.877662
2.52e-006 5.8e-007 311804 6.25058e-007 0.65623
2.52e-006 5.9e-007 340193 6.25077e-007 0.505823
2.52e-006 6e-007 -72585.5 6.36492e-007 26883.7
2.53e-006 4.5e-007 1.3075e+006 6.25958e-007 8.53159
2.53e-006 4.6e-007 745884 6.26209e-007 2.07036
2.53e-006 4.7e-007 957281 6.15544e-007 6.58805
2.53e-006 4.8e-007 1.34136e+006 6.1573e-007 2.79766
2.53e-006 4.9e-007 1.27368e+006 6.26847e-007 3.81858
2.53e-006 5e-007 1.08169e+006 6.26983e-007 4.71463
2.53e-006 5.1e-007 796670 6.16122e-007 1.30727
2.53e-006 5.2e-007 4.06582e+006 6.0565e-007 320.35
2.53e-006 5.3e-007 515300 6.38694e-007 2.77186
2.53e-006 5.4e-007 367293 6.27351e-007 0.265413
2.53e-006 5.5e-007 368738 6.27409e-007 0.976932
2.53e-006 5.6e-007 -41723.4 6.27447e-007 69045
2.53e-006 5.7e-007 333686 6.27486e-007 62.1532
2.53e-006 5.8e-007 286993 6.27506e-007 0.469667
2.53e-006 5.9e-007 210014 6.16496e-007 0.138689
2.53e-006 6e-007 389583 6.27544e-007 0.591343
2.54e-006 4.5e-007 1.67401e+006 6.175e-007 1814.73
2.54e-006 4.6e-007 584122 6.2864e-007 1.55013
2.54e-006 4.7e-007 543225 6.17952e-007 0.817913
2.54e-006 4.8e-007 1.02791e+006 6.1814e-007 529.891
2.54e-006 4.9e-007 1.5583e+006 6.29284e-007 11.5185
2.54e-006 5e-007 1.33449e+006 6.18442e-007 4.90934
2.54e-006 5.1e-007 1.5087e+006 6.29557e-007 5.34369
2.54e-006 5.2e-007 1.27463e+006 6.29655e-007 8.45891
2.54e-006 5.3e-007 2.79977e+006 6.29773e-007 62.6196
2.54e-006 5.4e-007 525993 6.29812e-007 1.85119
2.54e-006 5.5e-007 479849 6.2987e-007 2003.91
2.54e-006 5.6e-007 15338.4 6.18857e-007 8453.27
2.54e-006 5.7e-007 359579 6.29949e-007 0.545589
2.54e-006 5.8e-007 303300 6.29988e-007 1.01223
2.54e-006 5.9e-007 280745 6.30007e-007 0.242889
2.54e-006 6e-007 13752.7 6.30027e-007 5945.44
2.55e-006 4.5e-007 1.18761e+006 6.19836e-007 2.13976
2.55e-006 4.6e-007 761113 6.20082e-007 0.637708
2.55e-006 4.7e-007 443659 6.2031e-007 0.668656
2.55e-006 4.8e-007 1.23294e+006 6.20518e-007 13.7499
2.55e-006 4.9e-007 1.32111e+006 6.20689e-007 11.026
2.55e-006 5e-007 1.15607e+006 6.20822e-007 1.89931
2.55e-006 5.1e-007 868099 6.20936e-007 5.01479
2.55e-006 5.2e-007 686843 6.21031e-007 1.90176
2.55e-006 5.3e-007 1.14861e+006 6.32207e-007 8.48307
2.55e-006 5.4e-007 550316 6.32266e-007 1.93982
2.55e-006 5.5e-007 356527 6.21221e-007 0.67009
2.55e-006 5.6e-007 278908 6.10555e-007 346058
2.55e-006 5.7e-007 317361 6.21297e-007 92.7073
2.55e-006 5.8e-007 386974 6.32444e-007 0.703116
2.55e-006 5.9e-007 327658 6.32463e-007 1.05558
2.55e-006 6e-007 256934 6.21354e-007 0.593593
2.56e-006 4.5e-007 4.02445e+006 6.11631e-007 1690.03
2.56e-006 4.6e-007 528217 6.22466e-007 0.561726
2.56e-006 4.7e-007 290102 6.33751e-007 0.188959
2.56e-006 4.8e-007 918931 6.22906e-007 2.66136
2.56e-006 4.9e-007 1.34908e+006 6.23078e-007 14.4886
2.56e-006 5e-007 1.49318e+006 6.23231e-007 13.4175
2.56e-006 5.1e-007 1.21155e+006 6.23346e-007 1.87126
2.56e-006 5.2e-007 964109 6.23442e-007 3.63081
2.56e-006 5.3e-007 1.63936e+006 6.23538e-007 14.0129
2.56e-006 5.4e-007 644549 6.34724e-007 2.93834
2.56e-006 5.5e-007 455811 6.23634e-007 654115
2.56e-006 5.6e-007 617996 6.12925e-007 8151.44
2.56e-006 5.7e-007 480899 6.34883e-007 2518.74
2.56e-006 5.8e-007 254786 6.23749e-007 0.424212
2.56e-006 5.9e-007 205216 6.23768e-007 0.294699
2.56e-006 6e-007 -12045.4 6.23787e-007 15414.3
2.57e-006 4.5e-007 680704 6.13944e-007 2.44163
2.57e-006 4.6e-007 570759 6.14185e-007 2.70842
2.57e-006 4.7e-007 148038 6.25118e-007 0.040958
2.57e-006 4.8e-007 1.11622e+006 6.14594e-007 4.12248
2.57e-006 4.9e-007 1.49453e+006 6.25484e-007 15.8377
2.57e-006 5e-007 1.62732e+006 6.36746e-007 404063
2.57e-006 5.1e-007 1.1817e+006 6.25754e-007 9.53997
2.57e-006 5.2e-007 897564 6.2585e-007 4.71208
2.57e-006 5.3e-007 814762 6.25947e-007 5.55139
2.57e-006 5.4e-007 401584 6.26005e-007 1.17308
2.57e-006 5.5e-007 393768 6.26062e-007 0.375169
2.57e-006 5.6e-007 378094 6.26101e-007 0.863013
2.57e-006 5.7e-007 339683 6.2614e-007 304.881
2.57e-006 5.8e-007 318406 6.15358e-007 0.430643
2.57e-006 5.9e-007 182987 6.26198e-007 0.187487
2.57e-006 6e-007 339741 6.15396e-007 0.425712
2.58e-006 4.5e-007 496253 6.26916e-007 0.798678
2.58e-006 4.6e-007 1.87482e+006 6.38308e-007 10.0268
2.58e-006 4.7e-007 473395 6.2746e-007 0.894674
2.58e-006 4.8e-007 1.46929e+006 6.16937e-007 5.70127
2.58e-006 4.9e-007 2.19129e+006 6.17106e-007 13.1204
2.58e-006 5e-007 2.33529e+006 6.17237e-007 43.2891
2.58e-006 5.1e-007 1.40785e+006 6.2814e-007 11.457
2.58e-006 5.2e-007 1.4224e+006 6.17444e-007 10.648
2.58e-006 5.3e-007 3.43144e+006 6.17538e-007 36.9135
2.58e-006 5.4e-007 561035 6.17576e-007 1.26265
2.58e-006 5.5e-007 526018 6.17632e-007 34008.1
2.58e-006 5.6e-007 463171 6.2851e-007 1.14422
2.58e-006 5.7e-007 507480 6.17707e-007 234.338
2.58e-006 5.8e-007 399487 6.17726e-007 0.425584
2.58e-006 5.9e-007 206301 6.28608e-007 0.26809
2.58e-006 6e-007 354131 6.17764e-007 429343
2.59e-006 4.5e-007 587501 6.1858e-007 2.78858
2.59e-006 4.6e-007 835180 6.40708e-007 6.18506
2.59e-006 4.7e-007 483532 6.19108e-007 0.994131
2.59e-006 4.8e-007 1.18687e+006 6.19297e-007 6.39897
2.59e-006 4.9e-007 1.3147e+006 6.30261e-007 2.92534
2.59e-006 5e-007 48307.7 6.30417e-007 166890
2.59e-006 5.1e-007 1.47755e+006 6.30554e-007 30.6659
2.59e-006 5.2e-007 1.7753e+006 6.19808e-007 11.1597
2.59e-006 5.3e-007 1.54496e+006 6.19903e-007 4.10411
2.59e-006 5.4e-007 715965 6.1996e-007 5.74371
2.59e-006 5.5e-007 633454 6.20016e-007 4.50542
2.59e-006 5.6e-007 558279 6.20054e-007 1.8903
2.59e-006 5.7e-007 333788 6.30986e-007 99215.3
2.59e-006 5.8e-007 467445 6.20111e-007 1.68985
2.59e-006 5.9e-007 224143 6.31045e-007 0.140002
2.59e-006 6e-007 337171 6.20149e-007 0.32883
2.6e-006 4.5e-007 612057 6.20888e-007 1.03844
2.6e-006 4.6e-007 3.18336e+006 6.31973e-007 28.1365
2.6e-006 4.7e-007 1.01141e+006 6.21419e-007 2.17697
2.6e-006 4.8e-007 721031 6.32426e-007 3.18541
2.6e-006 4.9e-007 1.9831e+006 6.218e-007 14.0585
2.6e-006 5e-007 -78944.2 6.21952e-007 161018
2.6e-006 5.1e-007 1.84576e+006 6.22066e-007 29.8172
2.6e-006 5.2e-007 1.45022e+006 6.22162e-007 10.7614
2.6e-006 5.3e-007 3.90857e+006 6.11764e-007 103.031
2.6e-006 5.4e-007 540427 6.22314e-007 1.18823
2.6e-006 5.5e-007 530532 6.22371e-007 0.316535
2.6e-006 5.6e-007 484706 6.22409e-007 0.234256
2.6e-006 5.7e-007 -23464.8 6.22447e-007 44228.2
2.6e-006 5.8e-007 462984 6.22486e-007 0.663995
2.6e-006 5.9e-007 231588 6.22505e-007 0.366978
2.6e-006 6e-007 212650 6.22524e-007 0.248586
