
2.25e-006 4e-007 56595 6.11933e-007 0.0192226
2.25e-006 4.1e-007 138596 6.12387e-007 0.272198
2.25e-006 4.2e-007 85143 6.24027e-007 0.17525
2.25e-006 4.3e-007 53247.5 6.13146e-007 0.0402302
2.25e-006 4.4e-007 113693 6.13451e-007 0.229314
2.25e-006 4.5e-007 112163 6.25026e-007 0.274464
2.25e-006 4.6e-007 207356 6.25237e-007 74914.6
2.25e-006 4.7e-007 225165 6.255e-007 0.310947
2.25e-006 4.8e-007 131669 6.14212e-007 0.439988
2.25e-006 4.9e-007 179911 6.14365e-007 170.603
2.25e-006 5e-007 224300 6.2587e-007 0.177159
2.25e-006 5.1e-007 105728 6.14518e-007 7036.94
2.25e-006 5.2e-007 68057.2 6.26081e-007 1813.83
2.25e-006 5.3e-007 86926.6 6.26134e-007 0.0769251
2.25e-006 5.4e-007 107382 6.38252e-007 13.981
2.25e-006 5.5e-007 130189 6.14772e-007 0.478455
2.25e-006 5.6e-007 92917.2 6.26292e-007 59.6454
2.25e-006 5.7e-007 108782 6.14823e-007 0.278981
2.25e-006 5.8e-007 130956 6.03816e-007 2020.97
2.25e-006 5.9e-007 120731 6.26345e-007 10671.4
2.25e-006 6e-007 122370 6.26398e-007 0.124269
2.26e-006 4e-007 57050.2 6.25659e-007 9453.17
2.26e-006 4.1e-007 147910 6.37978e-007 0.08938
2.26e-006 4.2e-007 291613 6.38527e-007 0.928711
2.26e-006 4.3e-007 52990.9 6.15639e-007 0.0279822
2.26e-006 4.4e-007 189333 6.27404e-007 0.765313
2.26e-006 4.5e-007 294299 6.2767e-007 0.896327
2.26e-006 4.6e-007 216667 6.27935e-007 1.21139
2.26e-006 4.7e-007 431901 6.28148e-007 2.05772
2.26e-006 4.8e-007 828026 6.28308e-007 73754.1
2.26e-006 4.9e-007 383262 6.16868e-007 2.2911
2.26e-006 5e-007 938310 6.28574e-007 18.5254
2.26e-006 5.1e-007 758021 6.2868e-007 20.7295
2.26e-006 5.2e-007 79318.8 6.28734e-007 657437
2.26e-006 5.3e-007 310671 6.2884e-007 0.781543
2.26e-006 5.4e-007 244846 6.17278e-007 1.45372
2.26e-006 5.5e-007 303223 6.1733e-007 0.80671
2.26e-006 5.6e-007 95564.4 6.29e-007 10058.7
2.26e-006 5.7e-007 122036 6.17381e-007 0.0981402
2.26e-006 5.8e-007 238471 6.17432e-007 0.82689
2.26e-006 5.9e-007 369160 6.17432e-007 8.67072
2.26e-006 6e-007 270864 6.41176e-007 2.58213
2.27e-006 4e-007 17046.3 6.06282e-007 0.0020833
2.27e-006 4.1e-007 14939.9 6.06828e-007 0.00102316
2.27e-006 4.2e-007 106129 5.86166e-007 0.454965
2.27e-006 4.3e-007 42567.8 6.07325e-007 0.0291136
2.27e-006 4.4e-007 58079.6 6.07623e-007 0.0507356
2.27e-006 4.5e-007 88560.1 6.07922e-007 0.0772951
2.27e-006 4.6e-007 35162.8 6.19236e-007 0.865487
2.27e-006 4.7e-007 37536.3 6.30926e-007 0.0234277
2.27e-006 4.8e-007 46479.3 6.19598e-007 0.0318682
2.27e-006 4.9e-007 373830 6.0852e-007 314.407
2.27e-006 5e-007 382096 6.31355e-007 1.031
2.27e-006 5.1e-007 198007 6.31463e-007 0.515674
2.27e-006 5.2e-007 125263 6.3157e-007 0.287874
2.27e-006 5.3e-007 78185.5 6.31678e-007 10.2475
2.27e-006 5.4e-007 46458 6.31731e-007 0.015481
2.27e-006 5.5e-007 123244 6.0892e-007 0.0899283
2.27e-006 5.6e-007 138925 6.0897e-007 0.138022
2.27e-006 5.7e-007 281207 6.0902e-007 0.819429
2.27e-006 5.8e-007 144855 6.0902e-007 0.166744
2.27e-006 5.9e-007 4.62255e+006 6.0902e-007 399.058
2.27e-006 6e-007 302052 6.0907e-007 0.477383
2.28e-006 4e-007 120943 6.30497e-007 0.0483831
2.28e-006 4.1e-007 382707 6.31087e-007 1.76596
2.28e-006 4.2e-007 67261.2 6.20012e-007 0.0945313
2.28e-006 4.3e-007 53353.9 6.3227e-007 0.0215235
2.28e-006 4.4e-007 83708.8 5.98893e-007 0.0988048
2.28e-006 4.5e-007 55582.8 6.20894e-007 0.0872165
2.28e-006 4.6e-007 77567 6.21154e-007 0.0300183
2.28e-006 4.7e-007 167527 6.33025e-007 33956
2.28e-006 4.8e-007 118532 6.2157e-007 1.02429
2.28e-006 4.9e-007 148557 6.21727e-007 0.189958
2.28e-006 5e-007 113772 6.33674e-007 0.127645
2.28e-006 5.1e-007 172600 6.21883e-007 0.33846
2.28e-006 5.2e-007 239912 6.21987e-007 4.86739
2.28e-006 5.3e-007 92019.8 6.33836e-007 6200.25
2.28e-006 5.4e-007 142500 6.22144e-007 323.886
2.28e-006 5.5e-007 166255 6.22196e-007 0.309255
2.28e-006 5.6e-007 116796 6.22248e-007 151.433
2.28e-006 5.7e-007 101368 6.223e-007 0.201287
2.28e-006 5.8e-007 130340 6.11177e-007 0.043048
2.28e-006 5.9e-007 103070 6.22457e-007 0.227757
2.28e-006 6e-007 65875.5 6.46427e-007 0.0861015
2.29e-006 4e-007 67769.3 6.45134e-007 0.0508585
2.29e-006 4.1e-007 55058.3 6.22352e-007 0.0212086
2.29e-006 4.2e-007 68051.8 6.22823e-007 0.0488802
2.29e-006 4.3e-007 40862.1 6.23241e-007 21.6265
2.29e-006 4.4e-007 60213.6 6.23555e-007 0.0589893
2.29e-006 4.5e-007 96648.4 6.23817e-007 0.0852537
2.29e-006 4.6e-007 78219.6 6.12893e-007 0.430253
2.29e-006 4.7e-007 76390.3 6.13096e-007 0.0665517
2.29e-006 4.8e-007 139118 6.24447e-007 0.382346
2.29e-006 4.9e-007 139669 6.24553e-007 0.187558
2.29e-006 5e-007 300245 6.36391e-007 0.74719
2.29e-006 5.1e-007 140834 6.24816e-007 0.0799492
2.29e-006 5.2e-007 304233 6.3661e-007 1.75303
2.29e-006 5.3e-007 15207.7 6.36664e-007 9758.14
2.29e-006 5.4e-007 76385.7 6.24973e-007 84.8567
2.29e-006 5.5e-007 71522.2 6.36828e-007 0.0914901
2.29e-006 5.6e-007 75565.9 6.25079e-007 0.0359399
2.29e-006 5.7e-007 81946.7 6.25131e-007 0.10917
2.29e-006 5.8e-007 138332 6.13907e-007 0.148385
2.29e-006 5.9e-007 137131 6.13958e-007 29006.4
2.29e-006 6e-007 150328 6.25184e-007 0.232551
2.3e-006 4e-007 63245.6 6.24447e-007 0.500902
2.3e-006 4.1e-007 97196.5 6.24973e-007 0.197483
2.3e-006 4.2e-007 151880 6.25448e-007 0.344053
2.3e-006 4.3e-007 61321 6.1467e-007 0.0509838
2.3e-006 4.4e-007 93511.4 6.14976e-007 0.119821
2.3e-006 4.5e-007 204883 6.26451e-007 0.0928276
2.3e-006 4.6e-007 374891 6.15486e-007 1.41457
2.3e-006 4.7e-007 341142 6.38527e-007 125059
2.3e-006 4.8e-007 230797 6.27086e-007 0.823112
2.3e-006 4.9e-007 663953 6.15946e-007 10.693
2.3e-006 5e-007 309685 6.27351e-007 5.54696
2.3e-006 5.1e-007 336863 6.27458e-007 0.682578
2.3e-006 5.2e-007 505456 6.16253e-007 470.613
2.3e-006 5.3e-007 100012 6.27564e-007 1440.92
2.3e-006 5.4e-007 408949 6.16355e-007 2.02557
2.3e-006 5.5e-007 171941 6.27723e-007 0.231473
2.3e-006 5.6e-007 150282 6.27776e-007 0.0759017
2.3e-006 5.7e-007 111776 6.27829e-007 0.191287
2.3e-006 5.8e-007 307492 6.16509e-007 1.62813
2.3e-006 5.9e-007 123559 6.27882e-007 0.086239
2.3e-006 6e-007 428097 6.1656e-007 1.83164
2.31e-006 4e-007 20514 6.15793e-007 10.9257
2.31e-006 4.1e-007 17321.4 6.16355e-007 0.00235712
2.31e-006 4.2e-007 12479.3 6.16816e-007 0.000846896
2.31e-006 4.3e-007 28575.1 6.16816e-007 0.0177493
2.31e-006 4.4e-007 51213.2 6.17381e-007 0.0384361
2.31e-006 4.5e-007 44546.9 6.17689e-007 0.0343375
2.31e-006 4.6e-007 47076.2 6.17895e-007 0.0285255
2.31e-006 4.7e-007 30121.1 6.29534e-007 230.38
2.31e-006 4.8e-007 66014.5 6.29641e-007 0.0130686
2.31e-006 4.9e-007 65524 6.29801e-007 0.0149796
2.31e-006 5e-007 123281 6.18462e-007 0.171169
2.31e-006 5.1e-007 44691.9 6.30015e-007 0.0365173
2.31e-006 5.2e-007 55375.2 6.42008e-007 0.0215731
2.31e-006 5.3e-007 15129.2 6.30229e-007 67.8689
2.31e-006 5.4e-007 28178.1 6.18771e-007 0.169826
2.31e-006 5.5e-007 32069.6 6.18823e-007 0.0140676
2.31e-006 5.6e-007 31976.1 6.18874e-007 0.0131669
2.31e-006 5.7e-007 45056.8 6.18926e-007 0.0545726
2.31e-006 5.8e-007 57665 6.18926e-007 0.0330607
2.31e-006 5.9e-007 50803.5 6.18978e-007 0.0150199
2.31e-006 6e-007 213161 6.18978e-007 1.21137
2.32e-006 4e-007 78907.3 6.18101e-007 0.0603705
2.32e-006 4.1e-007 110758 6.18565e-007 0.30705
2.32e-006 4.2e-007 49304.3 6.19029e-007 0.0119461
2.32e-006 4.3e-007 36025.3 6.19546e-007 0.0116847
2.32e-006 4.4e-007 29008.4 6.54929e-007 0.00400976
2.32e-006 4.5e-007 71643.7 6.0897e-007 0.0463357
2.32e-006 4.6e-007 42324.6 6.20219e-007 0.0238156
2.32e-006 4.7e-007 58920.5 6.31624e-007 0.0230659
2.32e-006 4.8e-007 110570 6.31839e-007 0.209834
2.32e-006 4.9e-007 82913.3 6.32e-007 36392.9
2.32e-006 5e-007 114138 6.32162e-007 0.152875
2.32e-006 5.1e-007 168947 6.09871e-007 0.344921
2.32e-006 5.2e-007 112210 6.2105e-007 0.863409
2.32e-006 5.3e-007 105492 6.21154e-007 52.5801
2.32e-006 5.4e-007 118566 6.21206e-007 1.37938
2.32e-006 5.5e-007 104568 6.21258e-007 0.0643684
2.32e-006 5.6e-007 167933 6.44629e-007 0.12602
2.32e-006 5.7e-007 89831.6 6.21362e-007 59.9423
2.32e-006 5.8e-007 102935 6.21414e-007 0.216115
2.32e-006 5.9e-007 109146 6.21466e-007 0.0434911
2.32e-006 6e-007 73069.4 6.32971e-007 0.0443911
2.33e-006 4e-007 37749 6.20738e-007 0.0722363
2.33e-006 4.1e-007 74495.5 6.21258e-007 0.272144
2.33e-006 4.2e-007 69945.3 6.21674e-007 0.0460111
2.33e-006 4.3e-007 98723 6.11177e-007 119.84
2.33e-006 4.4e-007 96968 6.11479e-007 1.12192
2.33e-006 4.5e-007 94406.8 6.22718e-007 0.194154
2.33e-006 4.6e-007 78554.6 6.3427e-007 0.371119
2.33e-006 4.7e-007 -164603 6.23189e-007 475172
2.33e-006 4.8e-007 99305.7 6.34704e-007 0.223481
2.33e-006 4.9e-007 139666 6.34867e-007 0.184722
2.33e-006 5e-007 75414 6.12539e-007 21462
2.33e-006 5.1e-007 151842 6.1264e-007 0.281361
2.33e-006 5.2e-007 234198 6.23817e-007 1.65528
2.33e-006 5.3e-007 69169.3 6.12843e-007 395.03
2.33e-006 5.4e-007 219791 6.23922e-007 96.3359
2.33e-006 5.5e-007 330681 6.24027e-007 3.13379
2.33e-006 5.6e-007 180713 6.35465e-007 0.282339
2.33e-006 5.7e-007 23348.9 6.2408e-007 27997.4
2.33e-006 5.8e-007 277926 6.24132e-007 3.55725
2.33e-006 5.9e-007 229974 6.02443e-007 4.74399
2.33e-006 6e-007 744578 6.24237e-007 48438
2.34e-006 4e-007 196725 6.22927e-007 0.279407
2.34e-006 4.1e-007 113293 6.23451e-007 0.046711
2.34e-006 4.2e-007 151077 6.24027e-007 0.202224
2.34e-006 4.3e-007 173165 6.24447e-007 1.01375
2.34e-006 4.4e-007 125326 6.2471e-007 0.0819821
2.34e-006 4.5e-007 336508 6.365e-007 2.49719
2.34e-006 4.6e-007 192225 6.25289e-007 0.843178
2.34e-006 4.7e-007 140413 6.255e-007 244.119
2.34e-006 4.8e-007 341575 6.25659e-007 1.64704
2.34e-006 4.9e-007 33965.2 6.25817e-007 9563.63
2.34e-006 5e-007 302454 6.14976e-007 0.993072
2.34e-006 5.1e-007 198926 6.26028e-007 0.846438
2.34e-006 5.2e-007 350302 6.26134e-007 3.02536
2.34e-006 5.3e-007 74005.8 6.04603e-007 4628.37
2.34e-006 5.4e-007 224563 6.26292e-007 4.46552
2.34e-006 5.5e-007 249878 6.26345e-007 0.853174
2.34e-006 5.6e-007 145240 6.15333e-007 0.0613862
2.34e-006 5.7e-007 721308 6.26398e-007 5560.19
2.34e-006 5.8e-007 437780 6.26451e-007 2.48853
2.34e-006 5.9e-007 167738 6.15435e-007 0.804798
2.34e-006 6e-007 195086 6.38143e-007 0.394625
2.35e-006 4e-007 37577.5 6.04307e-007 130.771
2.35e-006 4.1e-007 43303.7 6.04849e-007 0.0154994
2.35e-006 4.2e-007 30710 6.05293e-007 0.0138214
2.35e-006 4.3e-007 25817.4 6.05195e-007 0.0261722
2.35e-006 4.4e-007 132760 6.27351e-007 0.310651
2.35e-006 4.5e-007 35129.2 6.27829e-007 0.0111986
2.35e-006 4.6e-007 310073 6.06282e-007 1.15022
2.35e-006 4.7e-007 59281.7 6.17227e-007 10969.4
2.35e-006 4.8e-007 123700 6.0658e-007 0.153273
2.35e-006 4.9e-007 70060.7 6.06729e-007 0.155735
2.35e-006 5e-007 35123.3 6.40346e-007 0.0174177
2.35e-006 5.1e-007 40775.3 6.2884e-007 0.0137222
2.35e-006 5.2e-007 114773 6.06977e-007 0.35005
2.35e-006 5.3e-007 43512.2 6.29053e-007 0.0180269
2.35e-006 5.4e-007 65348.7 6.29107e-007 321.649
2.35e-006 5.5e-007 67117.7 6.2916e-007 0.840854
2.35e-006 5.6e-007 58807.8 6.29213e-007 0.119283
2.35e-006 5.7e-007 78014.2 6.29267e-007 0.0409775
2.35e-006 5.8e-007 79657.2 6.29267e-007 0.0893899
2.35e-006 5.9e-007 60334 6.2932e-007 0.0475873
2.35e-006 6e-007 661831 6.07275e-007 43.38
2.36e-006 4e-007 75385.2 6.27723e-007 0.0847763
2.36e-006 4.1e-007 605644 6.28308e-007 4923.13
2.36e-006 4.2e-007 92160 6.28787e-007 0.178538
2.36e-006 4.3e-007 83024.6 6.18153e-007 0.112814
2.36e-006 4.4e-007 47341.1 6.1841e-007 0.0594345
2.36e-006 4.5e-007 32550.6 6.18668e-007 0.00563312
2.36e-006 4.6e-007 113089 6.18978e-007 1509.72
2.36e-006 4.7e-007 129159 6.19184e-007 0.0559468
2.36e-006 4.8e-007 195113 6.19391e-007 1.15186
2.36e-006 4.9e-007 199195 6.19546e-007 3404.43
2.36e-006 5e-007 113374 6.30926e-007 0.162678
2.36e-006 5.1e-007 317953 6.42564e-007 3.16691
2.36e-006 5.2e-007 108911 6.19857e-007 0.0678081
2.36e-006 5.3e-007 112683 6.31194e-007 136618
2.36e-006 5.4e-007 297543 6.31301e-007 1393.2
2.36e-006 5.5e-007 281560 6.31355e-007 92.4344
2.36e-006 5.6e-007 296492 6.31409e-007 1.70238
2.36e-006 5.7e-007 271643 6.31463e-007 2.14453
2.36e-006 5.8e-007 239783 6.31516e-007 4.80259
2.36e-006 5.9e-007 349624 6.0947e-007 1.85908
2.36e-006 6e-007 181207 6.20323e-007 0.211974
2.37e-006 4e-007 124713 6.19443e-007 0.217929
2.37e-006 4.1e-007 110556 6.30872e-007 158.722
2.37e-006 4.2e-007 167295 6.09921e-007 0.42248
2.37e-006 4.3e-007 211216 6.20894e-007 0.449481
2.37e-006 4.4e-007 109260 6.21206e-007 0.147631
2.37e-006 4.5e-007 240959 6.10875e-007 3.12204
2.37e-006 4.6e-007 148251 6.21727e-007 0.287859
2.37e-006 4.7e-007 219858 6.11277e-007 1698.63
2.37e-006 4.8e-007 136235 6.22091e-007 0.128062
2.37e-006 4.9e-007 126063 6.22248e-007 0.0850101
2.37e-006 5e-007 107249 6.22405e-007 0.250202
2.37e-006 5.1e-007 129352 6.33674e-007 0.158361
2.37e-006 5.2e-007 113491 6.33782e-007 0.305495
2.37e-006 5.3e-007 129523 6.33836e-007 168.813
2.37e-006 5.4e-007 89381.2 6.2277e-007 70398.1
2.37e-006 5.5e-007 213077 6.33999e-007 1.22571
2.37e-006 5.6e-007 143806 6.22823e-007 0.286484
2.37e-006 5.7e-007 166285 6.22875e-007 0.865985
2.37e-006 5.8e-007 513071 6.34107e-007 13710.2
2.37e-006 5.9e-007 181657 6.22927e-007 0.328444
2.37e-006 6e-007 450163 6.34161e-007 1.21305
2.38e-006 4e-007 58167.9 6.32917e-007 0.0883381
2.38e-006 4.1e-007 101653 6.22561e-007 25220.2
2.38e-006 4.2e-007 309252 6.34053e-007 2.2733
2.38e-006 4.3e-007 70492.1 6.23451e-007 0.0111709
2.38e-006 4.4e-007 203069 6.23765e-007 6.12769
2.38e-006 4.5e-007 177939 6.13298e-007 0.286525
2.38e-006 4.6e-007 218580 6.24342e-007 0.264833
2.38e-006 4.7e-007 341390 6.24553e-007 1.27121
2.38e-006 4.8e-007 246391 6.2471e-007 0.821014
2.38e-006 4.9e-007 469870 6.24868e-007 2.15919
2.38e-006 5e-007 378023 6.25026e-007 1.99942
2.38e-006 5.1e-007 110858 6.14212e-007 0.262484
2.38e-006 5.2e-007 128981 6.14314e-007 0.296627
2.38e-006 5.3e-007 -76648.5 6.25289e-007 221616
2.38e-006 5.4e-007 53797.4 6.25395e-007 3545.68
2.38e-006 5.5e-007 169690 6.14518e-007 0.277224
2.38e-006 5.6e-007 86069.6 6.25448e-007 0.14805
2.38e-006 5.7e-007 150915 6.14568e-007 68.192
2.38e-006 5.8e-007 297751 6.14619e-007 1.56426
2.38e-006 5.9e-007 103229 6.25553e-007 0.0364804
2.38e-006 6e-007 726911 6.1467e-007 2.65192
2.39e-006 4e-007 30139 6.13806e-007 0.0121526
2.39e-006 4.1e-007 29787.6 6.14365e-007 0.0200101
2.39e-006 4.2e-007 32721.9 6.14823e-007 0.0172762
2.39e-006 4.3e-007 28117.3 6.15231e-007 0.010193
2.39e-006 4.4e-007 260515 6.15435e-007 0.171225
2.39e-006 4.5e-007 126265 6.15741e-007 0.169899
2.39e-006 4.6e-007 151157 6.15997e-007 0.351483
2.39e-006 4.7e-007 153189 6.16202e-007 0.294542
2.39e-006 4.8e-007 121458 6.16355e-007 0.213314
2.39e-006 4.9e-007 85646.5 6.16509e-007 6.54235
2.39e-006 5e-007 36982.7 6.27617e-007 0.014682
2.39e-006 5.1e-007 266955 6.16714e-007 0.51315
2.39e-006 5.2e-007 35827.7 6.16816e-007 0.0035937
2.39e-006 5.3e-007 29127.1 6.16868e-007 0.00444073
2.39e-006 5.4e-007 28431.9 6.16919e-007 1458.86
2.39e-006 5.5e-007 34456.5 6.1697e-007 0.0512233
2.39e-006 5.6e-007 38666.9 6.17022e-007 0.0144996
2.39e-006 5.7e-007 54333.8 6.17073e-007 0.0308584
2.39e-006 5.8e-007 63539.5 6.17073e-007 0.0379501
2.39e-006 5.9e-007 71087 6.17124e-007 0.0585145
2.39e-006 6e-007 63141.6 6.17176e-007 0.0272399
2.4e-006 4e-007 203639 6.37375e-007 0.335657
2.4e-006 4.1e-007 84627.8 6.26874e-007 0.0595547
2.4e-006 4.2e-007 59414.9 6.27404e-007 0.0408771
2.4e-006 4.3e-007 115870 6.39022e-007 0.128208
2.4e-006 4.4e-007 138105 6.28414e-007 0.289853
2.4e-006 4.5e-007 20065.7 6.28521e-007 0.00733162
2.4e-006 4.6e-007 128354 6.07474e-007 0.282132
2.4e-006 4.7e-007 75217.9 6.29e-007 0.0801252
2.4e-006 4.8e-007 100033 6.29213e-007 101.794
2.4e-006 4.9e-007 78167.8 6.18616e-007 0.0336138
2.4e-006 5e-007 121564 6.08171e-007 0.155083
2.4e-006 5.1e-007 136594 6.29694e-007 0.210449
2.4e-006 5.2e-007 77016.6 6.18874e-007 0.0671197
2.4e-006 5.3e-007 92457.8 6.18978e-007 10958.6
2.4e-006 5.4e-007 304455 6.41287e-007 1014.1
2.4e-006 5.5e-007 72884.3 6.29961e-007 34.5481
2.4e-006 5.6e-007 123134 6.19184e-007 0.080242
2.4e-006 5.7e-007 101150 6.30068e-007 0.146375
2.4e-006 5.8e-007 81270.8 6.30122e-007 0.512286
2.4e-006 5.9e-007 212880 6.19288e-007 0.475082
2.4e-006 6e-007 324656 6.19339e-007 1.50662
2.41e-006 4e-007 74098.4 6.4018e-007 0.0777784
2.41e-006 4.1e-007 108637 6.18978e-007 72.7827
2.41e-006 4.2e-007 154144 6.41287e-007 3.03223
2.41e-006 4.3e-007 83922.1 6.0947e-007 0.0685837
2.41e-006 4.4e-007 193867 6.20219e-007 7304.29
2.41e-006 4.5e-007 215047 6.31355e-007 0.471273
2.41e-006 4.6e-007 90991.2 6.31624e-007 0.0498096
2.41e-006 4.7e-007 270532 6.31893e-007 45387.1
2.41e-006 4.8e-007 53668.6 6.21154e-007 12855.4
2.41e-006 4.9e-007 77147.7 6.2131e-007 0.101158
2.41e-006 5e-007 17219.4 6.32377e-007 24401.4
2.41e-006 5.1e-007 186893 6.10975e-007 3.20848
2.41e-006 5.2e-007 87177.7 6.21622e-007 0.187992
2.41e-006 5.3e-007 134851 6.32701e-007 0.248876
2.41e-006 5.4e-007 120394 6.32755e-007 0.264883
2.41e-006 5.5e-007 53473.7 6.21831e-007 1177.97
2.41e-006 5.6e-007 64021.7 6.32863e-007 0.113067
2.41e-006 5.7e-007 71522.5 6.32917e-007 0.0407584
2.41e-006 5.8e-007 69191.8 6.21935e-007 4122.93
2.41e-006 5.9e-007 256089 6.21987e-007 0.365683
2.41e-006 6e-007 556494 6.21987e-007 2.04087
2.42e-006 4e-007 79553.1 6.31463e-007 0.0929597
2.42e-006 4.1e-007 220273 6.32108e-007 1.12925
2.42e-006 4.2e-007 374812 6.21831e-007 1.33016
2.42e-006 4.3e-007 535905 6.22248e-007 4.80435
2.42e-006 4.4e-007 133664 6.12084e-007 226.893
2.42e-006 4.5e-007 223059 6.33782e-007 0.339552
2.42e-006 4.6e-007 358804 6.23136e-007 0.206352
2.42e-006 4.7e-007 401452 6.23346e-007 1.4071
2.42e-006 4.8e-007 45117.4 6.12893e-007 93.0721
2.42e-006 4.9e-007 150128 6.13096e-007 0.382625
2.42e-006 5e-007 763067 6.23817e-007 6.70355
2.42e-006 5.1e-007 178482 6.13349e-007 5584.13
2.42e-006 5.2e-007 403564 6.24027e-007 1.8411
2.42e-006 5.3e-007 355306 6.35138e-007 1.31058
2.42e-006 5.4e-007 311275 6.24185e-007 84.7176
2.42e-006 5.5e-007 233625 6.24237e-007 48649.3
2.42e-006 5.6e-007 187887 6.2429e-007 0.203482
2.42e-006 5.7e-007 115994 6.13654e-007 0.164279
2.42e-006 5.8e-007 168946 6.13704e-007 1.49912
2.42e-006 5.9e-007 265393 6.24395e-007 0.519608
2.42e-006 6e-007 231620 6.35465e-007 2.10734
2.43e-006 4e-007 28037.5 6.23136e-007 0.0107703
2.43e-006 4.1e-007 54703.2 6.03275e-007 0.03783
2.43e-006 4.2e-007 59429.4 6.03717e-007 0.0873103
2.43e-006 4.3e-007 18091.6 6.24658e-007 0.000511083
2.43e-006 4.4e-007 230711 6.04307e-007 0.1542
2.43e-006 4.5e-007 82101.5 6.25289e-007 0.0800845
2.43e-006 4.6e-007 437649 6.048e-007 0.71374
2.43e-006 4.7e-007 65498.5 6.25764e-007 469.863
2.43e-006 4.8e-007 225303 6.05145e-007 6.02276
2.43e-006 4.9e-007 299294 6.05293e-007 1.99639
2.43e-006 5e-007 47138.8 6.26292e-007 8658.28
2.43e-006 5.1e-007 58477.2 6.05441e-007 0.0413697
2.43e-006 5.2e-007 57774.5 6.26451e-007 0.0199495
2.43e-006 5.3e-007 118823 6.05639e-007 0.135113
2.43e-006 5.4e-007 82447.2 6.05689e-007 37.9278
2.43e-006 5.5e-007 82181.4 6.05738e-007 1430.71
2.43e-006 5.6e-007 23498.7 6.26716e-007 0.0120443
2.43e-006 5.7e-007 29309.1 6.26768e-007 0.0209342
2.43e-006 5.8e-007 35386.8 6.26821e-007 0.0542586
2.43e-006 5.9e-007 42956.4 6.26821e-007 0.0185251
2.43e-006 6e-007 51773.6 6.26874e-007 0.0330119
2.44e-006 4e-007 57925.5 6.25184e-007 0.0163797
2.44e-006 4.1e-007 121885 6.25711e-007 0.125375
2.44e-006 4.2e-007 81423 6.1569e-007 0.0196998
2.44e-006 4.3e-007 50146.9 6.26663e-007 0.010339
2.44e-006 4.4e-007 369915 6.27139e-007 2.20551
2.44e-006 4.5e-007 117334 6.06629e-007 0.218393
2.44e-006 4.6e-007 137148 6.06729e-007 0.21987
2.44e-006 4.7e-007 65432.3 6.27829e-007 0.0465733
2.44e-006 4.8e-007 168370 6.28095e-007 0.947527
2.44e-006 4.9e-007 142058 6.17587e-007 0.370339
2.44e-006 5e-007 145126 6.28414e-007 0.143836
2.44e-006 5.1e-007 118925 6.17844e-007 0.14764
2.44e-006 5.2e-007 132579 6.39793e-007 0.150354
2.44e-006 5.3e-007 108865 6.17998e-007 0.220841
2.44e-006 5.4e-007 183649 6.28787e-007 64296.6
2.44e-006 5.5e-007 172756 6.07772e-007 31697.4
2.44e-006 5.6e-007 129112 6.28947e-007 222.175
2.44e-006 5.7e-007 138841 6.29e-007 0.284298
2.44e-006 5.8e-007 137735 6.18256e-007 0.195264
2.44e-006 5.9e-007 188718 6.18307e-007 0.21006
2.44e-006 6e-007 189751 6.29107e-007 0.107946
2.45e-006 4e-007 62072.5 6.1733e-007 0.00791208
2.45e-006 4.1e-007 415673 6.28414e-007 1.97799
2.45e-006 4.2e-007 174752 6.28893e-007 2.58315
2.45e-006 4.3e-007 116071 6.29374e-007 0.232195
2.45e-006 4.4e-007 315902 6.29801e-007 2.16515
2.45e-006 4.5e-007 162946 6.19391e-007 0.18506
2.45e-006 4.6e-007 125894 6.1965e-007 0.0809662
2.45e-006 4.7e-007 500262 6.30604e-007 4.55705
2.45e-006 4.8e-007 126391 6.20064e-007 0.11097
2.45e-006 4.9e-007 169682 6.30979e-007 380.844
2.45e-006 5e-007 206351 6.09971e-007 0.797229
2.45e-006 5.1e-007 411802 6.10071e-007 6.73294
2.45e-006 5.2e-007 186695 6.31409e-007 263.186
2.45e-006 5.3e-007 112236 6.10222e-007 0.968852
2.45e-006 5.4e-007 105112 6.20686e-007 0.0689677
2.45e-006 5.5e-007 176081 6.2079e-007 363.125
2.45e-006 5.6e-007 128239 6.31624e-007 243.646
2.45e-006 5.7e-007 117063 6.31678e-007 0.268618
2.45e-006 5.8e-007 145688 6.20842e-007 0.203819
2.45e-006 5.9e-007 289117 6.31731e-007 801.974
2.45e-006 6e-007 123056 6.20894e-007 0.10507
2.46e-006 4e-007 122429 6.19598e-007 0.103215
2.46e-006 4.1e-007 102119 6.20168e-007 0.177328
2.46e-006 4.2e-007 157261 6.20686e-007 0.399317
2.46e-006 4.3e-007 66080.8 6.31678e-007 0.0794697
2.46e-006 4.4e-007 119550 6.43121e-007 0.188934
2.46e-006 4.5e-007 171156 6.21727e-007 0.264145
2.46e-006 4.6e-007 183681 6.11731e-007 0.309317
2.46e-006 4.7e-007 298876 6.11933e-007 22918.1
2.46e-006 4.8e-007 62693.3 6.02003e-007 12189.9
2.46e-006 4.9e-007 117330 6.22561e-007 0.0848034
2.46e-006 5e-007 140048 6.22718e-007 0.322357
2.46e-006 5.1e-007 119874 6.22823e-007 0.466434
2.46e-006 5.2e-007 9676.05 6.22927e-007 8406.46
2.46e-006 5.3e-007 89299 6.1264e-007 0.149036
2.46e-006 5.4e-007 98080.9 6.23084e-007 0.394444
2.46e-006 5.5e-007 78128.4 6.23136e-007 79.4969
2.46e-006 5.6e-007 104397 6.12792e-007 10.5077
2.46e-006 5.7e-007 61500.1 6.45246e-007 367.367
2.46e-006 5.8e-007 193167 6.23241e-007 0.166106
2.46e-006 5.9e-007 216576 6.23293e-007 0.464012
2.46e-006 6e-007 276414 6.23293e-007 1.21771
2.47e-006 4e-007 18526.5 6.11832e-007 0.0052296
2.47e-006 4.1e-007 23445.3 6.12387e-007 0.00443059
2.47e-006 4.2e-007 21825.1 6.12843e-007 0.00409511
2.47e-006 4.3e-007 19849.7 6.13248e-007 0.00569681
2.47e-006 4.4e-007 20633.7 6.34541e-007 0.00584431
2.47e-006 4.5e-007 52732.6 6.24237e-007 0.0227066
2.47e-006 4.6e-007 294326 6.1406e-007 1.03657
2.47e-006 4.7e-007 289196 6.14263e-007 2410.44
2.47e-006 4.8e-007 292680 6.14416e-007 317.311
2.47e-006 4.9e-007 279462 6.14619e-007 1.44052
2.47e-006 5e-007 248101 6.14721e-007 98675.2
2.47e-006 5.1e-007 90442.6 6.14874e-007 0.0973422
2.47e-006 5.2e-007 178329 6.14874e-007 0.152195
2.47e-006 5.3e-007 87797.6 6.14976e-007 0.0468051
2.47e-006 5.4e-007 73544.1 6.15078e-007 0.0372408
2.47e-006 5.5e-007 85773.6 6.15129e-007 94.4304
2.47e-006 5.6e-007 68121.9 6.1518e-007 157.143
2.47e-006 5.7e-007 60897.6 6.15231e-007 0.0755476
2.47e-006 5.8e-007 51399.7 6.15231e-007 0.0492816
2.47e-006 5.9e-007 55108.5 6.15282e-007 0.0251947
2.47e-006 6e-007 59759.6 6.15282e-007 0.023618
2.48e-006 4e-007 55217.1 6.23765e-007 0.00499943
2.48e-006 4.1e-007 526553 6.35138e-007 2.52936
2.48e-006 4.2e-007 82817.3 6.14568e-007 0.0558955
2.48e-006 4.3e-007 51317.2 6.25342e-007 0.022587
2.48e-006 4.4e-007 144885 6.25817e-007 0.313328
2.48e-006 4.5e-007 166120 6.37102e-007 0.319431
2.48e-006 4.6e-007 127758 6.26345e-007 0.267355
2.48e-006 4.7e-007 75694.2 6.26557e-007 0.0455902
2.48e-006 4.8e-007 129735 6.26821e-007 0.0916095
2.48e-006 4.9e-007 62183.7 6.27033e-007 44.3684
2.48e-006 5e-007 267103 6.16611e-007 1.65044
2.48e-006 5.1e-007 135095 6.06729e-007 0.177732
2.48e-006 5.2e-007 64251.7 6.38472e-007 0.0361774
2.48e-006 5.3e-007 65994.3 6.27404e-007 0.016558
2.48e-006 5.4e-007 -70936.5 6.16919e-007 115317
2.48e-006 5.5e-007 424149 6.1697e-007 2384.83
2.48e-006 5.6e-007 53064.5 6.27617e-007 2745.93
2.48e-006 5.7e-007 128112 6.38747e-007 4169.78
2.48e-006 5.8e-007 127139 6.38802e-007 0.141302
2.48e-006 5.9e-007 86804.2 6.27776e-007 0.140919
2.48e-006 6e-007 120103 6.27829e-007 0.174778
2.49e-006 4e-007 31876.2 6.26557e-007 0.00977652
2.49e-006 4.1e-007 71632.1 6.27139e-007 0.0819955
2.49e-006 4.2e-007 59299.8 6.2767e-007 1214.96
2.49e-006 4.3e-007 67064.5 6.38802e-007 0.209229
2.49e-006 4.4e-007 47409.3 6.18204e-007 0.0275735
2.49e-006 4.5e-007 150534 6.18462e-007 5.52544
2.49e-006 4.6e-007 145005 6.29107e-007 0.0853363
2.49e-006 4.7e-007 157834 6.29374e-007 0.430956
2.49e-006 4.8e-007 204834 6.0897e-007 0.200186
2.49e-006 4.9e-007 21696.3 6.19339e-007 25627.5
2.49e-006 5e-007 115598 6.19443e-007 0.0819878
2.49e-006 5.1e-007 149720 6.30015e-007 0.629054
2.49e-006 5.2e-007 125944 6.19701e-007 9207.58
2.49e-006 5.3e-007 193538 6.4112e-007 191597
2.49e-006 5.4e-007 77672.9 6.30282e-007 0.0450698
2.49e-006 5.5e-007 98310.2 6.19857e-007 0.678122
2.49e-006 5.6e-007 66078.6 6.30443e-007 4063.81
2.49e-006 5.7e-007 56149.5 6.1996e-007 0.625126
2.49e-006 5.8e-007 75768.5 6.30497e-007 0.112636
2.49e-006 5.9e-007 -19105.5 6.20012e-007 34990.3
2.49e-006 6e-007 102148 6.3055e-007 0.14985
2.5e-006 4e-007 64051 6.18565e-007 0.0229212
2.5e-006 4.1e-007 99337.1 6.29427e-007 0.26813
2.5e-006 4.2e-007 806603 6.40622e-007 26.4709
2.5e-006 4.3e-007 104906 6.30443e-007 0.163914
2.5e-006 4.4e-007 435277 6.20479e-007 2.83941
2.5e-006 4.5e-007 323583 6.10573e-007 2.51076
2.5e-006 4.6e-007 246785 6.20998e-007 0.963213
2.5e-006 4.7e-007 317922 6.21206e-007 1.25681
2.5e-006 4.8e-007 3.58825e+006 6.21414e-007 246.001
2.5e-006 4.9e-007 -209422 6.2157e-007 187393
2.5e-006 5e-007 535814 6.3227e-007 3.82226
2.5e-006 5.1e-007 264106 6.21831e-007 1.21766
2.5e-006 5.2e-007 430670 6.32485e-007 2.35798
2.5e-006 5.3e-007 137865 6.21987e-007 0.407784
2.5e-006 5.4e-007 140695 6.22091e-007 0.0524197
2.5e-006 5.5e-007 196838 6.11933e-007 0.916885
2.5e-006 5.6e-007 87948.2 6.12084e-007 46850.9
2.5e-006 5.7e-007 47331.2 6.32755e-007 30.4566
2.5e-006 5.8e-007 84794.6 6.32863e-007 0.0929082
2.5e-006 5.9e-007 143021 6.223e-007 24.4472
2.5e-006 6e-007 163062 6.22352e-007 0.247221
2.51e-006 4e-007 22635.4 6.20634e-007 0.00230845
2.51e-006 4.1e-007 15668.8 6.21258e-007 0.00353058
2.51e-006 4.2e-007 70210.1 6.02198e-007 0.0938721
2.51e-006 4.3e-007 23418.5 6.22196e-007 0.0107054
2.51e-006 4.4e-007 21576.3 6.22561e-007 0.000737446
2.51e-006 4.5e-007 211155 6.03128e-007 0.405258
2.51e-006 4.6e-007 85096.3 6.23189e-007 0.0537826
2.51e-006 4.7e-007 163496 6.23398e-007 0.481771
2.51e-006 4.8e-007 180768 6.23608e-007 0.454089
2.51e-006 4.9e-007 126129 6.23765e-007 36707.3
2.51e-006 5e-007 163980 6.23922e-007 0.178859
2.51e-006 5.1e-007 118799 6.24027e-007 0.108806
2.51e-006 5.2e-007 87107.9 6.0411e-007 0.0255487
2.51e-006 5.3e-007 79592.2 6.24185e-007 0.0494215
2.51e-006 5.4e-007 40524.1 6.2429e-007 0.0053103
2.51e-006 5.5e-007 45187.8 6.24342e-007 0.0250544
2.51e-006 5.6e-007 44371 6.24395e-007 7921.3
2.51e-006 5.7e-007 38410.3 6.24447e-007 0.0587544
2.51e-006 5.8e-007 83903.6 6.04455e-007 0.155418
2.51e-006 5.9e-007 35615.3 6.245e-007 0.0183273
2.51e-006 6e-007 139835 6.04504e-007 0.193436
2.52e-006 4e-007 43130.3 6.33079e-007 0.0195678
2.52e-006 4.1e-007 603239 6.44517e-007 4.55176
2.52e-006 4.2e-007 72102.3 6.3427e-007 0.039839
2.52e-006 4.3e-007 137340 6.45639e-007 4616.57
2.52e-006 4.4e-007 88841.5 6.24816e-007 0.096251
2.52e-006 4.5e-007 170971 6.35628e-007 0.0359309
2.52e-006 4.6e-007 91478.7 6.1518e-007 0.0759928
2.52e-006 4.7e-007 50174.5 6.15333e-007 0.0298548
2.52e-006 4.8e-007 93692 6.15588e-007 0.0541351
2.52e-006 4.9e-007 52647.2 6.15793e-007 0.342759
2.52e-006 5e-007 290711 6.05886e-007 1.79568
2.52e-006 5.1e-007 143591 6.26345e-007 229.586
2.52e-006 5.2e-007 97693.7 6.26504e-007 0.0316324
2.52e-006 5.3e-007 59385.8 6.37211e-007 0.135268
2.52e-006 5.4e-007 96284.8 6.16253e-007 0.211206
2.52e-006 5.5e-007 87909.4 6.26663e-007 0.613131
2.52e-006 5.6e-007 86212.7 6.37375e-007 0.325356
2.52e-006 5.7e-007 117767 6.16406e-007 113519
2.52e-006 5.8e-007 142898 6.16458e-007 0.409937
2.52e-006 5.9e-007 160341 6.16509e-007 0.143542
2.52e-006 6e-007 96080 6.3754e-007 2957.53
2.53e-006 4e-007 91884.5 6.35737e-007 0.0339413
2.53e-006 4.1e-007 104217 6.15895e-007 0.0680083
2.53e-006 4.2e-007 96079.2 6.26451e-007 0.0520747
2.53e-006 4.3e-007 426624 6.06977e-007 1.49586
2.53e-006 4.4e-007 156725 6.27404e-007 0.308506
2.53e-006 4.5e-007 564632 6.07573e-007 108582
2.53e-006 4.6e-007 217604 6.17689e-007 1.03652
2.53e-006 4.7e-007 173114 6.17947e-007 0.426852
2.53e-006 4.8e-007 746499 6.28467e-007 3.71787
2.53e-006 4.9e-007 629732 6.28627e-007 3.28135
2.53e-006 5e-007 115956 6.1841e-007 0.028318
2.53e-006 5.1e-007 224505 6.28893e-007 0.401737
2.53e-006 5.2e-007 67373.1 6.0887e-007 1.50124
2.53e-006 5.3e-007 71028.3 6.1872e-007 0.198663
2.53e-006 5.4e-007 77643.6 6.2916e-007 0.10964
2.53e-006 5.5e-007 68976.1 6.18874e-007 0.0911035
2.53e-006 5.6e-007 98424.7 6.18926e-007 127.397
2.53e-006 5.7e-007 19788 6.29374e-007 1540.82
2.53e-006 5.8e-007 366233 6.0897e-007 1.24123
2.53e-006 5.9e-007 63598.2 6.29427e-007 0.093328
2.53e-006 6e-007 352079 6.19029e-007 0.577817
2.54e-006 4e-007 54131.7 6.17484e-007 4098.59
2.54e-006 4.1e-007 80879.2 6.28095e-007 0.0831438
2.54e-006 4.2e-007 132650 6.18565e-007 0.273458
2.54e-006 4.3e-007 66961.4 6.2916e-007 0.0364351
2.54e-006 4.4e-007 147103 6.0957e-007 87.3075
2.54e-006 4.5e-007 548363 6.0982e-007 516836
2.54e-006 4.6e-007 166563 6.1996e-007 0.648111
2.54e-006 4.7e-007 172361 6.20168e-007 0.471354
2.54e-006 4.8e-007 257284 6.20375e-007 33.7339
2.54e-006 4.9e-007 312304 6.20531e-007 12.7118
2.54e-006 5e-007 230270 6.20686e-007 0.299599
2.54e-006 5.1e-007 13238.9 6.2079e-007 20305.6
2.54e-006 5.2e-007 223095 6.20894e-007 1.0867
2.54e-006 5.3e-007 852557 6.31355e-007 347.381
2.54e-006 5.4e-007 132047 6.2105e-007 0.0815435
2.54e-006 5.5e-007 155278 6.21102e-007 0.253446
2.54e-006 5.6e-007 298899 6.3157e-007 5.63739
2.54e-006 5.7e-007 45797.1 6.21102e-007 30739.3
2.54e-006 5.8e-007 146870 6.21258e-007 0.397841
2.54e-006 5.9e-007 141775 6.31678e-007 0.302101
2.54e-006 6e-007 263864 6.2131e-007 4.00153
2.55e-006 4e-007 21027.1 6.10071e-007 0.00469603
2.55e-006 4.1e-007 7822.88 6.30604e-007 0.00130219
2.55e-006 4.2e-007 24874.7 6.11026e-007 596.206
2.55e-006 4.3e-007 27471.6 6.11479e-007 0.00999563
2.55e-006 4.4e-007 23151.3 6.11832e-007 3.46072
2.55e-006 4.5e-007 62587 6.02492e-007 0.0448948
2.55e-006 4.6e-007 219363 6.12337e-007 0.919466
2.55e-006 4.7e-007 126604 6.1259e-007 0.087206
2.55e-006 4.8e-007 205413 6.33133e-007 1.53564
2.55e-006 4.9e-007 224491 6.33349e-007 1.48051
2.55e-006 5e-007 237527 6.33511e-007 20951.4
2.55e-006 5.1e-007 138700 6.3362e-007 0.236394
2.55e-006 5.2e-007 59837.1 6.33728e-007 0.0346274
2.55e-006 5.3e-007 99638.8 6.13298e-007 0.108029
2.55e-006 5.4e-007 129008 6.134e-007 0.118647
2.55e-006 5.5e-007 106655 6.13451e-007 0.396174
2.55e-006 5.6e-007 81671.1 6.13501e-007 0.678937
2.55e-006 5.7e-007 113189 6.13552e-007 1429.4
2.55e-006 5.8e-007 50258.7 6.13603e-007 0.0389591
2.55e-006 5.9e-007 23217.7 6.13603e-007 0.0054751
2.55e-006 6e-007 79664 6.13603e-007 0.0897912
2.56e-006 4e-007 51533.1 6.31731e-007 0.0883641
2.56e-006 4.1e-007 159521 6.12438e-007 0.346382
2.56e-006 4.2e-007 59738.1 6.32971e-007 0.0201149
2.56e-006 4.3e-007 55364.5 6.23189e-007 0.0469772
2.56e-006 4.4e-007 188100 6.33944e-007 0.617827
2.56e-006 4.5e-007 310417 6.23975e-007 0.498521
2.56e-006 4.6e-007 259819 6.14212e-007 0.652183
2.56e-006 4.7e-007 44506.1 6.24553e-007 0.0281222
2.56e-006 4.8e-007 132118 6.24658e-007 0.120063
2.56e-006 4.9e-007 222982 6.14823e-007 0.117792
2.56e-006 5e-007 321977 6.14976e-007 1275.79
2.56e-006 5.1e-007 260057 6.15078e-007 3.64212
2.56e-006 5.2e-007 195991 6.25289e-007 0.430606
2.56e-006 5.3e-007 80032.9 6.25448e-007 0.157398
2.56e-006 5.4e-007 84230.8 6.25395e-007 0.0469073
2.56e-006 5.5e-007 388598 6.15384e-007 15.4894
2.56e-006 5.6e-007 222572 6.15435e-007 4.42026
2.56e-006 5.7e-007 188232 6.15486e-007 487.763
2.56e-006 5.8e-007 104819 6.25659e-007 46170
2.56e-006 5.9e-007 68811 6.25711e-007 0.0367917
2.56e-006 6e-007 127877 6.15588e-007 8077.31
2.57e-006 4e-007 60791 6.24185e-007 0.0384669
2.57e-006 4.1e-007 89947.3 6.24763e-007 0.0912697
2.57e-006 4.2e-007 117568 6.15384e-007 0.144401
2.57e-006 4.3e-007 69142.1 6.36118e-007 5131.14
2.57e-006 4.4e-007 101949 6.26187e-007 0.208633
2.57e-006 4.5e-007 93426.5 6.26504e-007 0.0559134
2.57e-006 4.6e-007 395458 6.16765e-007 3.8261
2.57e-006 4.7e-007 153506 6.27086e-007 0.0676241
2.57e-006 4.8e-007 286692 6.37704e-007 0.379063
2.57e-006 4.9e-007 154804 6.27458e-007 0.181812
2.57e-006 5e-007 467098 6.17484e-007 2547.35
2.57e-006 5.1e-007 154973 6.27723e-007 0.683758
2.57e-006 5.2e-007 165892 6.27829e-007 0.538203
2.57e-006 5.3e-007 119910 6.27935e-007 0.102864
2.57e-006 5.4e-007 106415 6.17844e-007 0.114086
2.57e-006 5.5e-007 94979.6 6.28095e-007 0.12391
2.57e-006 5.6e-007 115770 6.28148e-007 0.299423
2.57e-006 5.7e-007 127092 6.28201e-007 3624.44
2.57e-006 5.8e-007 131523 6.1805e-007 2500.9
2.57e-006 5.9e-007 107408 6.28254e-007 0.184286
2.57e-006 6e-007 -30488 6.18101e-007 7042.91
2.58e-006 4e-007 91735.2 6.26504e-007 0.0902094
2.58e-006 4.1e-007 85992 6.27086e-007 0.111677
2.58e-006 4.2e-007 294582 6.37978e-007 0.383777
2.58e-006 4.3e-007 53396.1 6.18153e-007 0.0182453
2.58e-006 4.4e-007 127906 6.18513e-007 0.236525
2.58e-006 4.5e-007 247863 6.18823e-007 2.09229
2.58e-006 4.6e-007 304606 6.0937e-007 0.845821
2.58e-006 4.7e-007 151736 6.29427e-007 0.53495
2.58e-006 4.8e-007 201125 6.19546e-007 0.442018
2.58e-006 4.9e-007 213935 6.19701e-007 0.631764
2.58e-006 5e-007 31317.2 6.19857e-007 35757
2.58e-006 5.1e-007 196516 6.30122e-007 0.0788732
2.58e-006 5.2e-007 225058 6.30229e-007 53.7014
2.58e-006 5.3e-007 184770 6.10322e-007 1.49245
2.58e-006 5.4e-007 88644.1 6.20219e-007 0.0431742
2.58e-006 5.5e-007 285196 6.30497e-007 0.700536
2.58e-006 5.6e-007 337600 6.3055e-007 0.947945
2.58e-006 5.7e-007 47446.8 6.10523e-007 35613.5
2.58e-006 5.8e-007 272964 6.30604e-007 30584.5
2.58e-006 5.9e-007 287655 6.30657e-007 1.25918
2.58e-006 6e-007 155941 6.10623e-007 1.32747
2.59e-006 4e-007 182658 5.99958e-007 0.779065
2.59e-006 4.1e-007 31168.5 6.19391e-007 0.0160201
2.59e-006 4.2e-007 17446.8 6.19857e-007 0.00376495
2.59e-006 4.3e-007 131580 6.01271e-007 3.3396
2.59e-006 4.4e-007 92836.3 6.01612e-007 0.117509
2.59e-006 4.5e-007 50625.8 5.92674e-007 4961.56
2.59e-006 4.6e-007 72323.4 6.11529e-007 0.0434093
2.59e-006 4.7e-007 60177.7 6.42063e-007 0.0974183
2.59e-006 4.8e-007 77074.3 6.21674e-007 0.0571456
2.59e-006 4.9e-007 67768.2 6.21883e-007 0.0800312
2.59e-006 5e-007 155739 6.22039e-007 13447.5
2.59e-006 5.1e-007 112083 6.22196e-007 0.15643
2.59e-006 5.2e-007 64896.8 6.223e-007 0.0107082
2.59e-006 5.3e-007 78237.6 6.02981e-007 0.0528268
2.59e-006 5.4e-007 108863 6.22457e-007 0.0431413
2.59e-006 5.5e-007 83394 6.22509e-007 0.0945406
2.59e-006 5.6e-007 60076.9 6.22561e-007 0.0221536
2.59e-006 5.7e-007 77418.5 6.22613e-007 41.2663
2.59e-006 5.8e-007 91586.8 6.22666e-007 7446.9
2.59e-006 5.9e-007 90687.9 6.22718e-007 0.114298
2.59e-006 6e-007 84718.7 6.22718e-007 0.0269154
2.6e-006 4e-007 169423 6.20427e-007 0.593643
2.6e-006 4.1e-007 138802 6.2105e-007 0.247133
2.6e-006 4.2e-007 47173.2 6.31678e-007 0.0312146
2.6e-006 4.3e-007 50349.5 6.12438e-007 0.0289995
2.6e-006 4.4e-007 127111 6.12843e-007 0.255717
2.6e-006 4.5e-007 282859 6.22875e-007 2.22195
2.6e-006 4.6e-007 96509.9 6.33403e-007 0.158127
2.6e-006 4.7e-007 70171.7 6.13654e-007 0.0703437
2.6e-006 4.8e-007 136454 6.13806e-007 0.278057
2.6e-006 4.9e-007 202230 6.23765e-007 5.20609
2.6e-006 5e-007 64192 6.14111e-007 2612.01
2.6e-006 5.1e-007 185312 6.14263e-007 0.0995967
2.6e-006 5.2e-007 122926 6.24185e-007 153.181
2.6e-006 5.3e-007 73889.4 6.2429e-007 0.131112
2.6e-006 5.4e-007 31635.4 6.34921e-007 0.0151913
2.6e-006 5.5e-007 161674 6.24395e-007 0.217968
2.6e-006 5.6e-007 -71007.5 6.34812e-007 54048.7
2.6e-006 5.7e-007 134078 6.24553e-007 3.35511
2.6e-006 5.8e-007 201216 6.24605e-007 7265.68
2.6e-006 5.9e-007 119174 6.34921e-007 148.419
2.6e-006 6e-007 77928.7 6.14772e-007 0.053511
2.61e-006 4e-007 42231.2 6.33079e-007 0.0600752
2.61e-006 4.1e-007 317081 6.04652e-007 2.34764
2.61e-006 4.2e-007 168876 6.24237e-007 0.423948
2.61e-006 4.3e-007 81954.1 6.14976e-007 0.786454
2.61e-006 4.4e-007 113971 6.15333e-007 0.240044
2.61e-006 4.5e-007 134804 6.15639e-007 0.313742
2.61e-006 4.6e-007 233055 6.06332e-007 0.719787
2.61e-006 4.7e-007 155016 6.26028e-007 0.205394
2.61e-006 4.8e-007 236139 6.16355e-007 0.853246
2.61e-006 4.9e-007 158604 6.16509e-007 0.0943995
2.61e-006 5e-007 169160 6.16663e-007 419.173
2.61e-006 5.1e-007 173131 6.26716e-007 0.117544
2.61e-006 5.2e-007 23437.5 6.26821e-007 8784.03
2.61e-006 5.3e-007 118107 6.1697e-007 0.175298
2.61e-006 5.4e-007 78730.9 6.2698e-007 0.138453
2.61e-006 5.5e-007 93754.8 6.17124e-007 0.107866
2.61e-006 5.6e-007 133137 6.3743e-007 2889.12
2.61e-006 5.7e-007 89603.5 6.17227e-007 0.745273
2.61e-006 5.8e-007 112415 6.3754e-007 114928
2.61e-006 5.9e-007 90092.5 6.27245e-007 106.867
2.61e-006 6e-007 102906 6.17278e-007 0.0532658
2.62e-006 4e-007 152024 6.25395e-007 0.339288
2.62e-006 4.1e-007 246684 6.25975e-007 1.45867
2.62e-006 4.2e-007 222052 6.16714e-007 0.139302
2.62e-006 4.3e-007 71491.9 6.36992e-007 0.0352035
2.62e-006 4.4e-007 249830 6.27458e-007 0.99868
2.62e-006 4.5e-007 379461 6.0837e-007 1.02775
2.62e-006 4.6e-007 126395 6.0862e-007 182195
2.62e-006 4.7e-007 129937 6.28361e-007 0.0979462
2.62e-006 4.8e-007 242498 6.18513e-007 0.578371
2.62e-006 4.9e-007 551457 6.28734e-007 1.97334
2.62e-006 5e-007 303556 6.28893e-007 1.53652
2.62e-006 5.1e-007 203412 6.18978e-007 0.114395
2.62e-006 5.2e-007 350243 6.2916e-007 1.15299
2.62e-006 5.3e-007 261967 6.29267e-007 0.583056
2.62e-006 5.4e-007 155567 6.19236e-007 0.234758
2.62e-006 5.5e-007 219497 6.19288e-007 0.375118
2.62e-006 5.6e-007 196398 6.19339e-007 0.0689548
2.62e-006 5.7e-007 183770 6.19391e-007 0.111481
2.62e-006 5.8e-007 340614 6.19443e-007 90571.1
2.62e-006 5.9e-007 449645 6.29587e-007 15958.6
2.62e-006 6e-007 169015 6.29641e-007 0.408926
2.63e-006 4e-007 28850.4 6.27298e-007 0.0193629
2.63e-006 4.1e-007 38889.3 6.0902e-007 0.00514089
2.63e-006 4.2e-007 25755.5 6.0947e-007 0.00570672
2.63e-006 4.3e-007 39216.3 6.09871e-007 0.236164
2.63e-006 4.4e-007 89145.8 6.10272e-007 0.121065
2.63e-006 4.5e-007 118181 6.10573e-007 0.133126
2.63e-006 4.6e-007 74647.9 6.01417e-007 0.0348687
2.63e-006 4.7e-007 90732.9 6.30336e-007 0.0980469
2.63e-006 4.8e-007 70735.2 6.20738e-007 0.0735416
2.63e-006 4.9e-007 530727 6.11378e-007 3.88795
2.63e-006 5e-007 80901.3 6.11529e-007 33407.4
2.63e-006 5.1e-007 157725 6.1163e-007 0.160956
2.63e-006 5.2e-007 74478.7 6.11731e-007 0.040272
2.63e-006 5.3e-007 24606.2 6.31355e-007 0.0114337
2.63e-006 5.4e-007 124568 6.11882e-007 0.410366
2.63e-006 5.5e-007 85675.5 6.31463e-007 0.0211601
2.63e-006 5.6e-007 56773.2 6.11983e-007 0.0586984
2.63e-006 5.7e-007 81298.1 6.12034e-007 0.0443664
2.63e-006 5.8e-007 96016.1 6.12084e-007 1057.2
2.63e-006 5.9e-007 78249.3 6.31678e-007 61.6098
2.63e-006 6e-007 41099.3 6.31731e-007 0.0332229
2.64e-006 4e-007 89484.1 6.29213e-007 0.0865056
2.64e-006 4.1e-007 515020 6.10573e-007 1.39819
2.64e-006 4.2e-007 74312.2 6.20634e-007 0.105485
2.64e-006 4.3e-007 51271.8 6.02345e-007 0.0689715
2.64e-006 4.4e-007 97653 6.31409e-007 0.0736019
2.64e-006 4.5e-007 301033 6.21883e-007 1.0741
2.64e-006 4.6e-007 122688 6.32162e-007 0.185488
2.64e-006 4.7e-007 115483 6.22405e-007 0.191037
2.64e-006 4.8e-007 40950.7 6.32701e-007 0.01547
2.64e-006 4.9e-007 212555 6.22823e-007 0.294141
2.64e-006 5e-007 208920 6.33025e-007 0.108382
2.64e-006 5.1e-007 48512.4 6.23136e-007 152274
2.64e-006 5.2e-007 242757 6.33295e-007 0.331026
2.64e-006 5.3e-007 147350 6.23398e-007 0.0695952
2.64e-006 5.4e-007 38422.1 6.23608e-007 0.169655
2.64e-006 5.5e-007 298019 6.13704e-007 0.839637
2.64e-006 5.6e-007 214858 6.13755e-007 0.630522
2.64e-006 5.7e-007 161944 6.13806e-007 0.494254
2.64e-006 5.8e-007 263853 6.13857e-007 80126.3
2.64e-006 5.9e-007 23944.8 6.13907e-007 31993.8
2.64e-006 6e-007 141947 6.23765e-007 1.95866
2.65e-006 4e-007 47689.1 6.31785e-007 0.0833069
2.65e-006 4.1e-007 159868 6.32485e-007 0.700279
2.65e-006 4.2e-007 144790 6.23084e-007 0.404242
2.65e-006 4.3e-007 97465.5 6.13958e-007 183.635
2.65e-006 4.4e-007 162418 6.23975e-007 0.259376
2.65e-006 4.5e-007 368548 6.1467e-007 0.944967
2.65e-006 4.6e-007 245833 6.24605e-007 0.269265
2.65e-006 4.7e-007 435102 6.24868e-007 1.83365
2.65e-006 4.8e-007 418458 6.15384e-007 2.29672
2.65e-006 4.9e-007 251163 6.3541e-007 3.13185
2.65e-006 5e-007 159078 6.25448e-007 0.125637
2.65e-006 5.1e-007 298717 6.35737e-007 9192.58
2.65e-006 5.2e-007 36601.7 6.15946e-007 142810
2.65e-006 5.3e-007 360385 6.16048e-007 2.36905
2.65e-006 5.4e-007 75229.3 6.2587e-007 0.0834135
2.65e-006 5.5e-007 158047 6.16151e-007 0.652024
2.65e-006 5.6e-007 174808 6.16202e-007 1.89628
2.65e-006 5.7e-007 164676 6.26028e-007 0.776201
2.65e-006 5.8e-007 231604 6.26081e-007 85.491
2.65e-006 5.9e-007 -13937.1 6.16304e-007 30183.5
2.65e-006 6e-007 456320 6.36391e-007 2771.82
2.66e-006 4e-007 137212 6.14874e-007 0.059696
2.66e-006 4.1e-007 230826 6.15435e-007 4.75631
2.66e-006 4.2e-007 328929 6.15946e-007 2.43146
2.66e-006 4.3e-007 42790.5 6.06927e-007 2640.6
2.66e-006 4.4e-007 127723 6.16765e-007 0.183667
2.66e-006 4.5e-007 203937 6.2661e-007 0.342662
2.66e-006 4.6e-007 113365 6.26927e-007 0.0364889
2.66e-006 4.7e-007 33375 6.27139e-007 6560.74
2.66e-006 4.8e-007 50366.1 6.17792e-007 150.941
2.66e-006 4.9e-007 355488 6.27564e-007 1.6514
2.66e-006 5e-007 62238.2 6.18153e-007 0.0106961
2.66e-006 5.1e-007 133286 6.27829e-007 53601.3
2.66e-006 5.2e-007 340286 6.27989e-007 1.61484
2.66e-006 5.3e-007 195635 6.28095e-007 0.238899
2.66e-006 5.4e-007 163438 6.28201e-007 0.372384
2.66e-006 5.5e-007 146544 6.28254e-007 0.144831
2.66e-006 5.6e-007 112151 6.28308e-007 0.116039
2.66e-006 5.7e-007 354780 6.38527e-007 20.0657
2.66e-006 5.8e-007 63893.1 6.28414e-007 0.4594
2.66e-006 5.9e-007 -23283.7 6.18771e-007 8833.85
2.66e-006 6e-007 208254 6.18823e-007 439.629
2.67e-006 4e-007 88104.5 6.16765e-007 0.0280664
2.67e-006 4.1e-007 75949.7 6.17381e-007 1.63062
2.67e-006 4.2e-007 64757.4 6.17895e-007 0.0556945
2.67e-006 4.3e-007 85106 6.00201e-007 67.2085
2.67e-006 4.4e-007 58461.3 6.1872e-007 0.0244114
2.67e-006 4.5e-007 59389.8 6.19081e-007 0.0300612
2.67e-006 4.6e-007 30013.7 6.19391e-007 0.00237261
2.67e-006 4.7e-007 103484 6.19598e-007 0.0478775
2.67e-006 4.8e-007 73675.5 6.01369e-007 0.0988436
2.67e-006 4.9e-007 67195.3 6.29854e-007 0.0801478
2.67e-006 5e-007 52401.5 6.30015e-007 0.0057906
2.67e-006 5.1e-007 41826.7 6.30175e-007 39.3449
2.67e-006 5.2e-007 58459.5 6.40346e-007 0.0307836
2.67e-006 5.3e-007 59101.3 6.40511e-007 635.723
2.67e-006 5.4e-007 147764 6.02052e-007 0.409892
2.67e-006 5.5e-007 368593 6.40622e-007 15.46
2.67e-006 5.6e-007 81523.6 6.20686e-007 0.489015
2.67e-006 5.7e-007 122508 6.20738e-007 0.246648
2.67e-006 5.8e-007 163461 6.2079e-007 2.32915
2.67e-006 5.9e-007 -225518 6.20842e-007 446444
2.67e-006 6e-007 252167 6.20842e-007 63.4665
2.68e-006 4e-007 135751 6.18307e-007 0.495746
2.68e-006 4.1e-007 817013 6.18978e-007 4.18781
2.68e-006 4.2e-007 121000 6.10272e-007 0.105548
2.68e-006 4.3e-007 18666.1 6.29694e-007 0.00232967
2.68e-006 4.4e-007 64077.1 6.30175e-007 76.1791
2.68e-006 4.5e-007 452798 6.2079e-007 0.985217
2.68e-006 4.6e-007 236367 6.21102e-007 0.339431
2.68e-006 4.7e-007 87530.7 6.31301e-007 0.724283
2.68e-006 4.8e-007 159563 6.31355e-007 0.148911
2.68e-006 4.9e-007 156017 6.3157e-007 0.305035
2.68e-006 5e-007 207142 6.21883e-007 0.504569
2.68e-006 5.1e-007 137340 6.22039e-007 245.863
2.68e-006 5.2e-007 261679 6.12741e-007 0.532727
2.68e-006 5.3e-007 135411 6.12843e-007 0.367802
2.68e-006 5.4e-007 212298 6.32324e-007 0.367476
2.68e-006 5.5e-007 72408.6 6.42787e-007 0.0233016
2.68e-006 5.6e-007 284690 6.22457e-007 0.492905
2.68e-006 5.7e-007 171798 6.22509e-007 0.277436
2.68e-006 5.8e-007 286860 6.22561e-007 1.70751
2.68e-006 5.9e-007 464105 6.22613e-007 1487.01
2.68e-006 6e-007 171937 6.13146e-007 6341.88
2.69e-006 4e-007 93561.5 6.20998e-007 0.176058
2.69e-006 4.1e-007 369948 6.21674e-007 2.06019
2.69e-006 4.2e-007 342277 6.22144e-007 1.7166
2.69e-006 4.3e-007 266513 6.22666e-007 0.879839
2.69e-006 4.4e-007 68505.5 6.32755e-007 625.592
2.69e-006 4.5e-007 201168 6.23451e-007 0.769136
2.69e-006 4.6e-007 153693 6.14263e-007 0.550019
2.69e-006 4.7e-007 157870 6.2387e-007 7943.98
2.69e-006 4.8e-007 59153.4 6.14721e-007 827.455
2.69e-006 4.9e-007 146410 6.14823e-007 0.116642
2.69e-006 5e-007 239170 6.34378e-007 709.273
2.69e-006 5.1e-007 195531 6.34541e-007 0.179723
2.69e-006 5.2e-007 67312.4 6.24816e-007 0.064426
2.69e-006 5.3e-007 54277.4 6.24921e-007 0.240155
2.69e-006 5.4e-007 114404 6.15384e-007 14.5035
2.69e-006 5.5e-007 194198 6.34975e-007 60115.2
2.69e-006 5.6e-007 114495 6.3503e-007 0.122598
2.69e-006 5.7e-007 112023 6.25184e-007 0.236381
2.69e-006 5.8e-007 148307 6.15588e-007 0.242615
2.69e-006 5.9e-007 98713.6 6.25237e-007 162719
2.69e-006 6e-007 -29855.3 6.25289e-007 114717
2.7e-006 4e-007 179822 6.4262e-007 57439.1
2.7e-006 4.1e-007 88054.8 6.23765e-007 0.137369
2.7e-006 4.2e-007 198946 6.33944e-007 0.362293
2.7e-006 4.3e-007 55555.9 6.24816e-007 0.0519098
2.7e-006 4.4e-007 86434.3 6.25237e-007 31089.8
2.7e-006 4.5e-007 147318 6.25606e-007 8.6335
2.7e-006 4.6e-007 116882 6.16355e-007 0.145478
2.7e-006 4.7e-007 81281 6.1656e-007 242601
2.7e-006 4.8e-007 591541 6.26398e-007 1.62387
2.7e-006 4.9e-007 192539 6.1697e-007 0.423095
2.7e-006 5e-007 423813 6.26768e-007 4766.62
2.7e-006 5.1e-007 375355 6.36774e-007 3.81969
2.7e-006 5.2e-007 343381 6.27033e-007 12.2377
2.7e-006 5.3e-007 -15813.5 6.27139e-007 15543.8
2.7e-006 5.4e-007 166899 6.17535e-007 0.317524
2.7e-006 5.5e-007 123006 6.27298e-007 0.0522473
2.7e-006 5.6e-007 69946.5 6.27351e-007 0.027439
2.7e-006 5.7e-007 71151.6 6.27404e-007 57.4434
2.7e-006 5.8e-007 83424.9 6.27458e-007 0.0843373
2.7e-006 5.9e-007 133820 6.3743e-007 16.1434
2.7e-006 6e-007 35757.2 6.27511e-007 2975.72
2.71e-006 4e-007 53096.7 6.25079e-007 0.0308773
2.71e-006 4.1e-007 39383 6.25764e-007 0.00959531
2.71e-006 4.2e-007 48069.5 6.07922e-007 0.0609661
2.71e-006 4.3e-007 38969 6.26874e-007 0.0449165
2.71e-006 4.4e-007 53044.6 6.27245e-007 1457.76
2.71e-006 4.5e-007 73138.2 6.27617e-007 76.2976
2.71e-006 4.6e-007 98962.9 6.27935e-007 0.0947299
2.71e-006 4.7e-007 149131 6.0952e-007 0.649321
2.71e-006 4.8e-007 104883 6.38417e-007 0.0665952
2.71e-006 4.9e-007 223414 6.28627e-007 0.317737
2.71e-006 5e-007 113202 6.2884e-007 4096.62
2.71e-006 5.1e-007 167020 6.10121e-007 11363.5
2.71e-006 5.2e-007 56590.5 6.29107e-007 4.02729
2.71e-006 5.3e-007 33688.2 6.29213e-007 29.489
2.71e-006 5.4e-007 29450.4 6.2932e-007 0.00914155
2.71e-006 5.5e-007 41394 6.2932e-007 2.66633
2.71e-006 5.6e-007 88556.7 6.10523e-007 0.487977
2.71e-006 5.7e-007 126967 6.10573e-007 0.207116
2.71e-006 5.8e-007 45697.1 6.29534e-007 0.00602176
2.71e-006 5.9e-007 226016 6.10623e-007 90.5995
2.71e-006 6e-007 35459.4 6.10674e-007 3473.53
2.72e-006 4e-007 208273 6.26874e-007 0.843648
2.72e-006 4.1e-007 266255 6.27564e-007 0.525309
2.72e-006 4.2e-007 106541 6.18771e-007 0.302205
2.72e-006 4.3e-007 69165.5 6.19288e-007 0.0861033
2.72e-006 4.4e-007 61532.7 6.19701e-007 4211.55
2.72e-006 4.5e-007 406396 6.29534e-007 0.892892
2.72e-006 4.6e-007 159378 6.20375e-007 0.564525
2.72e-006 4.7e-007 148940 6.20686e-007 2.13688
2.72e-006 4.8e-007 169082 6.1163e-007 0.411708
2.72e-006 4.9e-007 94189.4 6.40677e-007 0.11684
2.72e-006 5e-007 24848.9 6.21206e-007 8601.61
2.72e-006 5.1e-007 189382 6.21362e-007 0.0900159
2.72e-006 5.2e-007 59981.5 6.31087e-007 33817.5
2.72e-006 5.3e-007 88652.5 6.31194e-007 0.12261
2.72e-006 5.4e-007 82902.1 6.21674e-007 0.0890935
2.72e-006 5.5e-007 54685.5 6.31463e-007 0.0824871
2.72e-006 5.6e-007 60340.3 6.21831e-007 0.0180706
2.72e-006 5.7e-007 75168.4 6.21883e-007 3.06866
2.72e-006 5.8e-007 77544.1 6.3157e-007 0.116189
2.72e-006 5.9e-007 100351 6.31624e-007 0.906423
2.72e-006 6e-007 161176 6.21987e-007 218141
2.73e-006 4e-007 62980.6 6.1996e-007 0.0438811
2.73e-006 4.1e-007 111009 6.30015e-007 0.149861
2.73e-006 4.2e-007 138693 6.21102e-007 0.473251
2.73e-006 4.3e-007 118276 6.21622e-007 0.316967
2.73e-006 4.4e-007 112391 6.22039e-007 3599.3
2.73e-006 4.5e-007 230886 6.31947e-007 0.347188
2.73e-006 4.6e-007 47098 6.134e-007 24861.5
2.73e-006 4.7e-007 213637 6.22979e-007 563.495
2.73e-006 4.8e-007 797453 6.32809e-007 53.8917
2.73e-006 4.9e-007 493362 6.33025e-007 3.44477
2.73e-006 5e-007 350812 6.33187e-007 4.12533
2.73e-006 5.1e-007 751243 6.14314e-007 52.5445
2.73e-006 5.2e-007 482547 6.14416e-007 18.3892
2.73e-006 5.3e-007 283383 6.14518e-007 5.14816
2.73e-006 5.4e-007 148672 6.14619e-007 0.419921
2.73e-006 5.5e-007 117201 6.33782e-007 0.140658
2.73e-006 5.6e-007 112914 6.24132e-007 0.206053
2.73e-006 5.7e-007 -299166 6.24185e-007 535434
2.73e-006 5.8e-007 131881 6.24237e-007 0.150625
2.73e-006 5.9e-007 98836.3 6.2429e-007 0.664789
2.73e-006 6e-007 -26876.3 6.14874e-007 37690.6
2.74e-006 4e-007 1.28523e+006 6.3157e-007 16027.6
2.74e-006 4.1e-007 236354 6.32162e-007 1.53888
2.74e-006 4.2e-007 189428 6.32809e-007 7195.13
2.74e-006 4.3e-007 108550 6.23713e-007 0.329338
2.74e-006 4.4e-007 83709.8 6.24132e-007 0.659712
2.74e-006 4.5e-007 189977 6.245e-007 1.11421
2.74e-006 4.6e-007 190659 6.15537e-007 0.301378
2.74e-006 4.7e-007 123702 6.25079e-007 0.464591
2.74e-006 4.8e-007 576399 6.15997e-007 3.10257
2.74e-006 4.9e-007 100445 6.25553e-007 77047.7
2.74e-006 5e-007 1.06267e+006 6.16355e-007 461156
2.74e-006 5.1e-007 2.27676e+006 6.16458e-007 53.921
2.74e-006 5.2e-007 554996 6.1656e-007 407304
2.74e-006 5.3e-007 25978.7 6.16663e-007 9557.95
2.74e-006 5.4e-007 214430 6.16765e-007 0.457514
2.74e-006 5.5e-007 268888 6.26239e-007 6.68748
2.74e-006 5.6e-007 146290 6.26292e-007 0.101331
2.74e-006 5.7e-007 158753 6.26345e-007 2.16648
2.74e-006 5.8e-007 156469 6.26398e-007 0.549821
2.74e-006 5.9e-007 762278 6.36282e-007 9.62742
2.74e-006 6e-007 294561 6.26451e-007 200676
2.75e-006 4e-007 31362.2 6.33565e-007 26.5925
2.75e-006 4.1e-007 81360.9 5.98217e-007 343.597
2.75e-006 4.2e-007 23499.7 6.34921e-007 0.00821922
2.75e-006 4.3e-007 21093.9 6.35465e-007 0.00302048
2.75e-006 4.4e-007 106587 5.99328e-007 0.181448
2.75e-006 4.5e-007 92577.2 6.17432e-007 0.0448491
2.75e-006 4.6e-007 75671.3 6.17741e-007 0.0505356
2.75e-006 4.7e-007 116679 6.17998e-007 1.18396
2.75e-006 4.8e-007 80203.1 6.27511e-007 0.0330388
2.75e-006 4.9e-007 466361 6.1841e-007 1.59025
2.75e-006 5e-007 1.17202e+006 6.18565e-007 6584.94
2.75e-006 5.1e-007 112165 6.37814e-007 0.134332
2.75e-006 5.2e-007 170857 6.18823e-007 1943.02
2.75e-006 5.3e-007 90178.7 6.18926e-007 0.705294
2.75e-006 5.4e-007 45091.2 6.19029e-007 0.00258086
2.75e-006 5.5e-007 96802.6 6.00979e-007 0.0682348
2.75e-006 5.6e-007 78143.4 6.19133e-007 0.0858167
2.75e-006 5.7e-007 93496.3 6.19184e-007 18495
2.75e-006 5.8e-007 55277.4 6.19236e-007 0.031507
2.75e-006 5.9e-007 51676.4 6.19236e-007 0.0179146
2.75e-006 6e-007 55540 6.19288e-007 42.4585
