2.25e-006 4e-007 466433 6.2206e-007 0.798819
2.25e-006 4.1e-007 411129 6.22587e-007 0.717566
2.25e-006 4.2e-007 309455 6.23045e-007 0.117472
2.25e-006 4.3e-007 203637 6.23415e-007 0.124709
2.25e-006 4.4e-007 377981 6.23732e-007 0.582645
2.25e-006 4.5e-007 570200 6.24015e-007 0.353155
2.25e-006 4.6e-007 758422 6.24245e-007 3.53633
2.25e-006 4.7e-007 1.01351e+006 6.24422e-007 5.01152
2.25e-006 4.8e-007 1.21184e+006 6.24581e-007 2.0183
2.25e-006 4.9e-007 1.34753e+006 6.24723e-007 2.62316
2.25e-006 5e-007 1.01447e+006 6.24811e-007 7.46114
2.25e-006 5.1e-007 991277 6.249e-007 7.49802
2.25e-006 5.2e-007 815511 6.24971e-007 3.05004
2.25e-006 5.3e-007 643709 6.25024e-007 1.13492
2.25e-006 5.4e-007 544107 6.25077e-007 2.12923
2.25e-006 5.5e-007 466608 6.25112e-007 0.865848
2.25e-006 5.6e-007 445786 6.2513e-007 0.86594
2.25e-006 5.7e-007 452459 6.25148e-007 2.03898
2.25e-006 5.8e-007 534079 6.25166e-007 0.169776
2.25e-006 5.9e-007 171369 6.26054e-007 0.148766
2.25e-006 6e-007 413302 6.33924e-007 1.46793
2.26e-006 4e-007 444103 6.24705e-007 0.137056
2.26e-006 4.1e-007 357167 6.25254e-007 0.211876
2.26e-006 4.2e-007 310041 6.25716e-007 0.344799
2.26e-006 4.3e-007 183557 6.26107e-007 0.225115
2.26e-006 4.4e-007 298096 6.26427e-007 0.502938
2.26e-006 4.5e-007 467027 6.26712e-007 1.34712
2.26e-006 4.6e-007 588439 6.26944e-007 2.126
2.26e-006 4.7e-007 783610 6.27158e-007 4.01004
2.26e-006 4.8e-007 1.00113e+006 6.27319e-007 3.79083
2.26e-006 4.9e-007 1.15971e+006 6.27444e-007 1.85095
2.26e-006 5e-007 914294 6.27551e-007 2.94948
2.26e-006 5.1e-007 1.07115e+006 6.27641e-007 3.4276
2.26e-006 5.2e-007 1.07051e+006 6.27712e-007 5006.69
2.26e-006 5.3e-007 855181 6.27784e-007 3.38421
2.26e-006 5.4e-007 732185 6.27819e-007 1.106
2.26e-006 5.5e-007 614439 6.27855e-007 0.908938
2.26e-006 5.6e-007 -637845 6.27891e-007 87529.8
2.26e-006 5.7e-007 506802 6.27909e-007 1.91845
2.26e-006 5.8e-007 513017 6.27927e-007 2.08375
2.26e-006 5.9e-007 1.33554e+006 6.28016e-007 76971.7
2.26e-006 6e-007 522399 6.11394e-007 0.721237
2.27e-006 4e-007 452254 6.27355e-007 140.599
2.27e-006 4.1e-007 429347 6.27927e-007 0.837767
2.27e-006 4.2e-007 362559 6.28392e-007 1.10719
2.27e-006 4.3e-007 172808 6.28805e-007 0.050603
2.27e-006 4.4e-007 315464 6.29146e-007 0.296401
2.27e-006 4.5e-007 500617 6.29433e-007 0.825243
2.27e-006 4.6e-007 712163 6.29685e-007 3.34219
2.27e-006 4.7e-007 951637 6.29883e-007 10.6671
2.27e-006 4.8e-007 1.23974e+006 6.30045e-007 17.9831
2.27e-006 4.9e-007 188006 6.05897e-007 636.591
2.27e-006 5e-007 609347 6.30298e-007 2.69193
2.27e-006 5.1e-007 1.06352e+006 6.30406e-007 5.14712
2.27e-006 5.2e-007 -81434.1 6.30478e-007 210411
2.27e-006 5.3e-007 682707 6.30532e-007 1.62504
2.27e-006 5.4e-007 546036 6.30586e-007 1.50528
2.27e-006 5.5e-007 479191 6.30622e-007 1.923
2.27e-006 5.6e-007 448583 6.30658e-007 0.369643
2.27e-006 5.7e-007 442633 6.30676e-007 1.00461
2.27e-006 5.8e-007 502794 6.30694e-007 0.990085
2.27e-006 5.9e-007 719486 6.30713e-007 1.05771
2.27e-006 6e-007 445434 6.13966e-007 0.531014
2.28e-006 4e-007 487153 6.30009e-007 0.891564
2.28e-006 4.1e-007 396534 6.30586e-007 1.24449
2.28e-006 4.2e-007 385754 6.31074e-007 0.261418
2.28e-006 4.3e-007 154061 6.31472e-007 0.0903057
2.28e-006 4.4e-007 291870 6.31852e-007 0.29365
2.28e-006 4.5e-007 453072 6.32142e-007 0.229903
2.28e-006 4.6e-007 587083 6.32396e-007 0.840391
2.28e-006 4.7e-007 851829 6.32614e-007 2.71503
2.28e-006 4.8e-007 1.00514e+006 6.32795e-007 3.50451
2.28e-006 4.9e-007 1.22453e+006 6.32941e-007 17.7644
2.28e-006 5e-007 133844 6.33086e-007 13.7101
2.28e-006 5.1e-007 1.02408e+006 6.33159e-007 1.51406
2.28e-006 5.2e-007 909387 6.33232e-007 15.9389
2.28e-006 5.3e-007 815672 6.33305e-007 6.94868
2.28e-006 5.4e-007 579476 6.33341e-007 719576
2.28e-006 5.5e-007 579857 6.33396e-007 1.54382
2.28e-006 5.6e-007 517846 6.33414e-007 2.69066
2.28e-006 5.7e-007 496044 6.3345e-007 1.19901
2.28e-006 5.8e-007 520148 6.33468e-007 2.32942
2.28e-006 5.9e-007 617114 6.33487e-007 2.30931
2.28e-006 6e-007 418695 6.16525e-007 0.577541
2.29e-006 4e-007 432383 6.3265e-007 0.599987
2.29e-006 4.1e-007 409155 6.3325e-007 0.326849
2.29e-006 4.2e-007 445608 6.09618e-007 0.500248
2.29e-006 4.3e-007 2.49382e+006 6.34234e-007 29114
2.29e-006 4.4e-007 254686 6.34545e-007 0.223556
2.29e-006 4.5e-007 377256 6.34855e-007 0.32282
2.29e-006 4.6e-007 536547 6.35112e-007 0.991438
2.29e-006 4.7e-007 676659 6.35331e-007 2.25346
2.29e-006 4.8e-007 978724 6.35514e-007 2.9085
2.29e-006 4.9e-007 1.13603e+006 6.35679e-007 5.06405
2.29e-006 5e-007 1.17255e+006 6.35808e-007 2.52442
2.29e-006 5.1e-007 1.1174e+006 6.359e-007 3.88537
2.29e-006 5.2e-007 2.12914e+006 6.1136e-007 174133
2.29e-006 5.3e-007 1.01334e+006 6.36046e-007 4.04841
2.29e-006 5.4e-007 839558 6.36102e-007 6.0372
2.29e-006 5.5e-007 701068 6.11479e-007 2.58246
2.29e-006 5.6e-007 672950 6.11496e-007 0.69226
2.29e-006 5.7e-007 523535 6.36212e-007 1.60337
2.29e-006 5.8e-007 495778 6.3623e-007 1.20553
2.29e-006 5.9e-007 282531 6.12005e-007 0.93943
2.29e-006 6e-007 412650 6.19071e-007 0.729226
2.3e-006 4e-007 511158 6.35313e-007 1.63663
2.3e-006 4.1e-007 455825 6.35918e-007 0.854274
2.3e-006 4.2e-007 423451 6.36432e-007 2.01328
2.3e-006 4.3e-007 358199 6.36892e-007 0.65497
2.3e-006 4.4e-007 290702 6.12873e-007 0.553976
2.3e-006 4.5e-007 587761 6.13129e-007 1.12991
2.3e-006 4.6e-007 894327 6.13334e-007 3.73379
2.3e-006 4.7e-007 824999 6.38072e-007 1.32584
2.3e-006 4.8e-007 2.02581e+006 6.13658e-007 53.7628
2.3e-006 4.9e-007 3.08285e+006 6.13778e-007 24.8565
2.3e-006 5e-007 1.40901e+006 6.38553e-007 5.3929
2.3e-006 5.1e-007 2.53009e+006 6.13949e-007 24.8542
2.3e-006 5.2e-007 65400.6 6.14017e-007 184279
2.3e-006 5.3e-007 1.24633e+006 6.14069e-007 9.23299
2.3e-006 5.4e-007 889178 6.14103e-007 1.39893
2.3e-006 5.5e-007 710415 6.14137e-007 5.123
2.3e-006 5.6e-007 650542 6.14171e-007 7.50212
2.3e-006 5.7e-007 698944 6.14188e-007 2.5907
2.3e-006 5.8e-007 808318 6.14205e-007 4.14853
2.3e-006 5.9e-007 2.34393e+006 6.14223e-007 1861.42
2.3e-006 6e-007 5.7988e+006 6.39072e-007 2.13521e+006
2.31e-006 4e-007 503596 6.37943e-007 0.261494
2.31e-006 4.1e-007 399766 6.14342e-007 1.68355
2.31e-006 4.2e-007 440651 6.14788e-007 2.13813
2.31e-006 4.3e-007 346375 6.39554e-007 0.535925
2.31e-006 4.4e-007 282068 6.15458e-007 0.207329
2.31e-006 4.5e-007 506194 6.15716e-007 1.00133
2.31e-006 4.6e-007 725846 6.15939e-007 1.09865
2.31e-006 4.7e-007 1.05158e+006 6.16129e-007 9.53159
2.31e-006 4.8e-007 1.52611e+006 6.16284e-007 3.86486
2.31e-006 4.9e-007 2.11797e+006 6.16405e-007 14.4533
2.31e-006 5e-007 1.28772e+006 6.41285e-007 11.1097
2.31e-006 5.1e-007 2.146e+006 6.16577e-007 4.70097
2.31e-006 5.2e-007 1.56286e+006 6.16646e-007 59.4894
2.31e-006 5.3e-007 1.10918e+006 6.16715e-007 4.65289
2.31e-006 5.4e-007 824153 6.1675e-007 6.815
2.31e-006 5.5e-007 613190 6.16784e-007 1.84748
2.31e-006 5.6e-007 571196 6.16819e-007 0.842302
2.31e-006 5.7e-007 585658 6.16836e-007 0.84111
2.31e-006 5.8e-007 684765 6.16853e-007 3.43221
2.31e-006 5.9e-007 898974 6.1687e-007 8.72831
2.31e-006 6e-007 341137 6.24174e-007 0.40118
2.32e-006 4e-007 344275 6.16405e-007 0.451079
2.32e-006 4.1e-007 327013 6.16922e-007 0.283934
2.32e-006 4.2e-007 369493 6.17372e-007 0.669595
2.32e-006 4.3e-007 367379 6.42238e-007 0.98979
2.32e-006 4.4e-007 180168 6.18064e-007 0.0500799
2.32e-006 4.5e-007 515087 6.18342e-007 1.05353
2.32e-006 4.6e-007 837882 6.18567e-007 2.99394
2.32e-006 4.7e-007 1.33441e+006 6.18758e-007 13.9324
2.32e-006 4.8e-007 2.14242e+006 6.18915e-007 17.3135
2.32e-006 4.9e-007 3.08727e+006 6.19054e-007 36.9479
2.32e-006 5e-007 2.06395e+006 6.19158e-007 15.1157
2.32e-006 5.1e-007 2.97116e+006 6.19245e-007 38.8048
2.32e-006 5.2e-007 2.04964e+006 6.19315e-007 21143.7
2.32e-006 5.3e-007 1.36271e+006 6.19367e-007 6.84241
2.32e-006 5.4e-007 779241 6.19419e-007 5324.55
2.32e-006 5.5e-007 691142 6.19454e-007 2.35103
2.32e-006 5.6e-007 596340 6.19472e-007 1.9121
2.32e-006 5.7e-007 589235 6.19506e-007 2.14576
2.32e-006 5.8e-007 648260 6.19524e-007 4.46489
2.32e-006 5.9e-007 808238 6.19541e-007 1.65146
2.32e-006 6e-007 269531 6.20693e-007 0.160659
2.33e-006 4e-007 413196 6.1895e-007 0.412494
2.33e-006 4.1e-007 377531 6.19489e-007 0.674818
2.33e-006 4.2e-007 379092 6.19942e-007 0.419742
2.33e-006 4.3e-007 7.90073e+006 6.20378e-007 943418
2.33e-006 4.4e-007 127659 6.20676e-007 0.0735265
2.33e-006 4.5e-007 425395 6.20955e-007 0.645043
2.33e-006 4.6e-007 631911 6.21183e-007 1.53598
2.33e-006 4.7e-007 455488 6.21393e-007 409.856
2.33e-006 4.8e-007 1.46306e+006 6.21551e-007 6.23755
2.33e-006 4.9e-007 2.17015e+006 6.21691e-007 48.3358
2.33e-006 5e-007 2.96829e+006 6.21796e-007 49.3492
2.33e-006 5.1e-007 2.43933e+006 6.21884e-007 13.7822
2.33e-006 5.2e-007 2.23102e+006 6.21954e-007 33.2856
2.33e-006 5.3e-007 1.63338e+006 6.22025e-007 2125.83
2.33e-006 5.4e-007 1.11753e+006 6.2206e-007 1.11743
2.33e-006 5.5e-007 797934 6.22112e-007 1.32263
2.33e-006 5.6e-007 691681 6.2213e-007 2.54932
2.33e-006 5.7e-007 665771 6.22165e-007 1.10639
2.33e-006 5.8e-007 737175 6.22183e-007 1.4264
2.33e-006 5.9e-007 883522 5.99061e-007 75462.8
2.33e-006 6e-007 292650 6.22587e-007 12.3367
2.34e-006 4e-007 422121 6.21498e-007 0.856359
2.34e-006 4.1e-007 363578 6.22042e-007 0.488585
2.34e-006 4.2e-007 383679 6.22517e-007 0.311886
2.34e-006 4.3e-007 512368 6.22939e-007 2.56592
2.34e-006 4.4e-007 95059.5 6.23256e-007 0.0639837
2.34e-006 4.5e-007 384992 6.23556e-007 0.130919
2.34e-006 4.6e-007 603016 6.23803e-007 1.67031
2.34e-006 4.7e-007 144798 6.23997e-007 37157.8
2.34e-006 4.8e-007 1.32265e+006 6.24174e-007 5.04086
2.34e-006 4.9e-007 1.98126e+006 6.24316e-007 26.2089
2.34e-006 5e-007 2.94336e+006 6.24439e-007 15.7401
2.34e-006 5.1e-007 2.67185e+006 6.24528e-007 68.8991
2.34e-006 5.2e-007 2.6571e+006 6.24599e-007 24.8654
2.34e-006 5.3e-007 77443 6.24669e-007 36114
2.34e-006 5.4e-007 1.38554e+006 6.24723e-007 4.45789
2.34e-006 5.5e-007 960082 6.24758e-007 1.79761
2.34e-006 5.6e-007 733593 6.24793e-007 1.4409
2.34e-006 5.7e-007 679590 6.24811e-007 11.2809
2.34e-006 5.8e-007 698562 6.24829e-007 1.54275
2.34e-006 5.9e-007 776552 6.24847e-007 5.83432
2.34e-006 6e-007 1.49845e+006 6.24864e-007 83.1956
2.35e-006 4e-007 405253 6.2405e-007 0.379391
2.35e-006 4.1e-007 388045 6.24616e-007 0.497686
2.35e-006 4.2e-007 378356 6.25095e-007 0.209686
2.35e-006 4.3e-007 455360 6.25521e-007 0.257215
2.35e-006 4.4e-007 98908.2 6.25876e-007 0.0668453
2.35e-006 4.5e-007 360993 6.2616e-007 0.457437
2.35e-006 4.6e-007 641245 6.26427e-007 1.88386
2.35e-006 4.7e-007 965077 6.26623e-007 22.627
2.35e-006 4.8e-007 1.4086e+006 6.26802e-007 9.49953
2.35e-006 4.9e-007 2.19144e+006 6.26962e-007 31.5759
2.35e-006 5e-007 3.04666e+006 6.27069e-007 41.6714
2.35e-006 5.1e-007 2.27584e+006 6.27176e-007 16.5235
2.35e-006 5.2e-007 2.37491e+006 6.27248e-007 32.6647
2.35e-006 5.3e-007 1.70186e+006 6.27319e-007 10129.7
2.35e-006 5.4e-007 1.19983e+006 6.27373e-007 7.34332
2.35e-006 5.5e-007 875950 6.27408e-007 2.44243
2.35e-006 5.6e-007 678889 6.27444e-007 5.1106
2.35e-006 5.7e-007 619910 6.2748e-007 1.57795
2.35e-006 5.8e-007 666810 6.27498e-007 1.3098
2.35e-006 5.9e-007 764089 6.27516e-007 3.21964
2.35e-006 6e-007 1.03668e+006 6.27533e-007 3.79733
2.36e-006 4e-007 475456 6.26588e-007 2.4155
2.36e-006 4.1e-007 416390 6.27158e-007 1.01022
2.36e-006 4.2e-007 413984 6.27659e-007 1.01596
2.36e-006 4.3e-007 475780 6.28088e-007 0.881438
2.36e-006 4.4e-007 212591 6.28446e-007 0.160563
2.36e-006 4.5e-007 319825 6.28769e-007 0.14626
2.36e-006 4.6e-007 553451 6.2902e-007 0.598659
2.36e-006 4.7e-007 776714 6.29236e-007 2.43529
2.36e-006 4.8e-007 1.16077e+006 6.29433e-007 4.39799
2.36e-006 4.9e-007 1.59018e+006 6.29577e-007 26.6462
2.36e-006 5e-007 2.36763e+006 6.29703e-007 26.6705
2.36e-006 5.1e-007 727880 6.0638e-007 5.28306
2.36e-006 5.2e-007 2.32173e+006 6.29883e-007 13.0435
2.36e-006 5.3e-007 1.68123e+006 6.29955e-007 11.6975
2.36e-006 5.4e-007 1.2622e+006 6.30009e-007 2.49114
2.36e-006 5.5e-007 -56733.2 6.30063e-007 280443
2.36e-006 5.6e-007 666160 6.30099e-007 3.07748
2.36e-006 5.7e-007 574398 6.30117e-007 1.45448
2.36e-006 5.8e-007 590787 6.30153e-007 3.6924
2.36e-006 5.9e-007 684595 6.30153e-007 1.78945
2.36e-006 6e-007 825666 6.30171e-007 1.91438
2.37e-006 4e-007 418304 6.29128e-007 1.8785
2.37e-006 4.1e-007 373505 6.29739e-007 0.639526
2.37e-006 4.2e-007 353816 6.30244e-007 0.980575
2.37e-006 4.3e-007 410003 6.30676e-007 0.311664
2.37e-006 4.4e-007 179987 6.31056e-007 0.290938
2.37e-006 4.5e-007 715018 6.08104e-007 1.22893
2.37e-006 4.6e-007 510376 6.31653e-007 0.826259
2.37e-006 4.7e-007 841705 6.3187e-007 2.19636
2.37e-006 4.8e-007 1.30621e+006 6.32069e-007 9.82119
2.37e-006 4.9e-007 2.03365e+006 6.32214e-007 40.1434
2.37e-006 5e-007 2.88853e+006 6.3236e-007 71.3698
2.37e-006 5.1e-007 3.45032e+006 6.32468e-007 120.531
2.37e-006 5.2e-007 3.23277e+006 6.32541e-007 11.7549
2.37e-006 5.3e-007 2.53014e+006 6.32614e-007 26496.7
2.37e-006 5.4e-007 1.69572e+006 6.32686e-007 77.4313
2.37e-006 5.5e-007 1.11308e+006 6.32723e-007 6.67369
2.37e-006 5.6e-007 855735 6.32759e-007 3.1274
2.37e-006 5.7e-007 715408 6.32795e-007 2.03443
2.37e-006 5.8e-007 679650 6.32813e-007 2.36683
2.37e-006 5.9e-007 736617 6.32832e-007 2.36494
2.37e-006 6e-007 1.40366e+006 6.09298e-007 13677
2.38e-006 4e-007 503989 6.31671e-007 1.0636
2.38e-006 4.1e-007 429384 6.32287e-007 0.564725
2.38e-006 4.2e-007 397995 6.32813e-007 1.34512
2.38e-006 4.3e-007 398811 6.33268e-007 0.332625
2.38e-006 4.4e-007 373454 6.10344e-007 0.414729
2.38e-006 4.5e-007 570915 6.10614e-007 0.804945
2.38e-006 4.6e-007 440223 6.34252e-007 0.805219
2.38e-006 4.7e-007 646938 6.3449e-007 2.37281
2.38e-006 4.8e-007 822375 6.11173e-007 1.09639
2.38e-006 4.9e-007 1.39845e+006 6.34855e-007 10.9137
2.38e-006 5e-007 2.11479e+006 6.34983e-007 29.8161
2.38e-006 5.1e-007 2.8458e+006 6.35093e-007 57.2015
2.38e-006 5.2e-007 2.47779e+006 6.35185e-007 54.8272
2.38e-006 5.3e-007 2.38744e+006 6.35258e-007 48.2585
2.38e-006 5.4e-007 2.03556e+006 6.35331e-007 6.153e+006
2.38e-006 5.5e-007 1.2087e+006 6.35368e-007 13.3599
2.38e-006 5.6e-007 563877 6.11716e-007 0.242919
2.38e-006 5.7e-007 711226 6.35441e-007 2.49053
2.38e-006 5.8e-007 746962 6.1175e-007 5.49603
2.38e-006 5.9e-007 947957 6.11767e-007 7.57458
2.38e-006 6e-007 1.48522e+006 6.11784e-007 15.0836
2.39e-006 4e-007 589673 6.1119e-007 2.61823
2.39e-006 4.1e-007 349294 6.34837e-007 1.46704
2.39e-006 4.2e-007 366566 6.35368e-007 0.15002
2.39e-006 4.3e-007 862534 6.12532e-007 6.93638
2.39e-006 4.4e-007 595270 6.36248e-007 0.363372
2.39e-006 4.5e-007 446637 6.13129e-007 1.98717
2.39e-006 4.6e-007 925908 6.13351e-007 3.05191
2.39e-006 4.7e-007 971574 6.13539e-007 1.62995
2.39e-006 4.8e-007 1.00724e+006 6.13709e-007 5.43143
2.39e-006 4.9e-007 1.54906e+006 6.37482e-007 6.00964
2.39e-006 5e-007 890718 6.13949e-007 2.69856
2.39e-006 5.1e-007 3.44078e+006 6.3774e-007 38.7729
2.39e-006 5.2e-007 622610 6.14103e-007 1.12896
2.39e-006 5.3e-007 2.80241e+006 6.37906e-007 40.4981
2.39e-006 5.4e-007 505262 6.14205e-007 0.507302
2.39e-006 5.5e-007 472857 6.1424e-007 2.28107
2.39e-006 5.6e-007 500787 6.14274e-007 1.28727
2.39e-006 5.7e-007 549639 6.14291e-007 0.754243
2.39e-006 5.8e-007 649770 6.38128e-007 1.04927
2.39e-006 5.9e-007 902375 6.14325e-007 2.21425
2.39e-006 6e-007 1.33127e+006 6.14342e-007 3.07327
2.4e-006 4e-007 573283 6.13641e-007 2.27413
2.4e-006 4.1e-007 523937 6.14171e-007 2.09766
2.4e-006 4.2e-007 601273 6.14634e-007 3.16494
2.4e-006 4.3e-007 675350 6.15028e-007 2.54652
2.4e-006 4.4e-007 545560 6.15355e-007 1.15843
2.4e-006 4.5e-007 253080 6.1563e-007 0.293823
2.4e-006 4.6e-007 839611 6.15871e-007 3.91755
2.4e-006 4.7e-007 1.02595e+006 6.16077e-007 2.03895
2.4e-006 4.8e-007 972296 6.16232e-007 1.86332
2.4e-006 4.9e-007 976406 6.1637e-007 2.51243
2.4e-006 5e-007 943427 6.16491e-007 2.80676
2.4e-006 5.1e-007 132965 6.16767e-007 594.778
2.4e-006 5.2e-007 716057 6.16646e-007 2.75057
2.4e-006 5.3e-007 621672 6.16715e-007 4.46896
2.4e-006 5.4e-007 615593 6.16767e-007 85.1579
2.4e-006 5.5e-007 342905 6.16801e-007 841713
2.4e-006 5.6e-007 539809 6.16836e-007 1.4183
2.4e-006 5.7e-007 576253 6.16853e-007 3.55713
2.4e-006 5.8e-007 684196 6.1687e-007 0.990476
2.4e-006 5.9e-007 862601 6.16888e-007 7.70444
2.4e-006 6e-007 1.19857e+006 6.16905e-007 2.28304
2.41e-006 4e-007 525035 6.16094e-007 1.25526
2.41e-006 4.1e-007 551188 6.16646e-007 47.1299
2.41e-006 4.2e-007 546982 6.17112e-007 1.98422
2.41e-006 4.3e-007 732196 6.1751e-007 3.8965
2.41e-006 4.4e-007 468424 6.17839e-007 0.247359
2.41e-006 4.5e-007 174557 6.41752e-007 0.259827
2.41e-006 4.6e-007 768468 6.18394e-007 5.47295
2.41e-006 4.7e-007 848189 6.18585e-007 3.85949
2.41e-006 4.8e-007 899308 6.18758e-007 3.50733
2.41e-006 4.9e-007 832280 6.18898e-007 5.42679
2.41e-006 5e-007 870458 6.19019e-007 6.09804
2.41e-006 5.1e-007 1.248e+006 6.19124e-007 17.6817
2.41e-006 5.2e-007 394077 6.43138e-007 1007.54
2.41e-006 5.3e-007 753332 6.19263e-007 1.77348
2.41e-006 5.4e-007 -38586.1 6.19315e-007 52377.5
2.41e-006 5.5e-007 620826 6.1935e-007 0.764162
2.41e-006 5.6e-007 574800 6.19385e-007 1.03483
2.41e-006 5.7e-007 570958 6.19419e-007 5.21375
2.41e-006 5.8e-007 648824 6.19437e-007 2.21778
2.41e-006 5.9e-007 812687 6.19454e-007 2.84116
2.41e-006 6e-007 1.06968e+006 6.19454e-007 13.7006
2.42e-006 4e-007 654354 6.1855e-007 1.90055
2.42e-006 4.1e-007 614760 6.19124e-007 14.947
2.42e-006 4.2e-007 688201 6.19594e-007 3.03519
2.42e-006 4.3e-007 801620 6.20012e-007 2.05143
2.42e-006 4.4e-007 391937 6.44002e-007 0.920632
2.42e-006 4.5e-007 70309.3 6.20676e-007 0.021272
2.42e-006 4.6e-007 758035 6.2092e-007 1.65009
2.42e-006 4.7e-007 1.01994e+006 6.2113e-007 2.03096
2.42e-006 4.8e-007 1.00574e+006 6.21306e-007 2.29284
2.42e-006 4.9e-007 1.01676e+006 6.21446e-007 8.65537
2.42e-006 5e-007 900899 6.21568e-007 0.526117
2.42e-006 5.1e-007 941681 6.21674e-007 4.36321
2.42e-006 5.2e-007 661862 6.21761e-007 2.70681
2.42e-006 5.3e-007 594853 6.21814e-007 2.7016
2.42e-006 5.4e-007 527557 6.21884e-007 12578.2
2.42e-006 5.5e-007 493480 6.21919e-007 0.75017
2.42e-006 5.6e-007 516334 6.21954e-007 0.848545
2.42e-006 5.7e-007 538401 6.21989e-007 1.78296
2.42e-006 5.8e-007 -40529.4 6.22007e-007 25274.2
2.42e-006 5.9e-007 793567 6.22025e-007 4.58472
2.42e-006 6e-007 1.06263e+006 6.22042e-007 5.16231
2.43e-006 4e-007 640618 6.2099e-007 0.690084
2.43e-006 4.1e-007 531872 6.21568e-007 1.35165
2.43e-006 4.2e-007 486165 6.2206e-007 0.434063
2.43e-006 4.3e-007 628022 6.22499e-007 0.607063
2.43e-006 4.4e-007 1.23117e+006 6.22868e-007 10.9226
2.43e-006 4.5e-007 310290 6.23168e-007 0.506246
2.43e-006 4.6e-007 618977 6.23415e-007 2.44025
2.43e-006 4.7e-007 829592 6.23644e-007 2.58829
2.43e-006 4.8e-007 880191 6.23821e-007 4.12217
2.43e-006 4.9e-007 850353 6.2398e-007 2.62075
2.43e-006 5e-007 891401 6.24103e-007 2.77343
2.43e-006 5.1e-007 922853 6.24209e-007 3.09318
2.43e-006 5.2e-007 603034 6.36157e-007 3086.21
2.43e-006 5.3e-007 746300 6.24369e-007 4.61606
2.43e-006 5.4e-007 698795 6.24422e-007 2.72329
2.43e-006 5.5e-007 681183 6.24457e-007 3.25799
2.43e-006 5.6e-007 625973 6.24492e-007 1.3634
2.43e-006 5.7e-007 594281 6.24528e-007 1.29651
2.43e-006 5.8e-007 637655 6.24546e-007 3.93986
2.43e-006 5.9e-007 753995 6.24563e-007 2.4501
2.43e-006 6e-007 926034 6.24581e-007 5.02514
2.44e-006 4e-007 646562 6.2345e-007 1.94346
2.44e-006 4.1e-007 602135 6.24033e-007 2.34367
2.44e-006 4.2e-007 586839 6.24546e-007 1.54322
2.44e-006 4.3e-007 654692 6.24971e-007 1.59765
2.44e-006 4.4e-007 940290 6.25361e-007 5.46153
2.44e-006 4.5e-007 510078 6.25663e-007 1.45019
2.44e-006 4.6e-007 530652 6.25929e-007 0.372777
2.44e-006 4.7e-007 1.03256e+006 6.2616e-007 3.72788
2.44e-006 4.8e-007 1.17338e+006 6.26356e-007 3.4645
2.44e-006 4.9e-007 1.17624e+006 6.26516e-007 4.83444
2.44e-006 5e-007 1.07874e+006 6.26641e-007 2.26614
2.44e-006 5.1e-007 1.08024e+006 6.26748e-007 7.64259
2.44e-006 5.2e-007 593150 6.26837e-007 1.41631
2.44e-006 5.3e-007 686066 6.26909e-007 0.969678
2.44e-006 5.4e-007 569727 6.2698e-007 1.6739
2.44e-006 5.5e-007 487989 6.27016e-007 3.16282
2.44e-006 5.6e-007 469508 6.27069e-007 13.4199
2.44e-006 5.7e-007 474049 6.27087e-007 1.6925
2.44e-006 5.8e-007 547210 6.27123e-007 1.08233
2.44e-006 5.9e-007 660535 6.27141e-007 1.32076
2.44e-006 6e-007 856595 6.27141e-007 4.01457
2.45e-006 4e-007 684600 6.25894e-007 2.53825
2.45e-006 4.1e-007 559132 6.26481e-007 1.20474
2.45e-006 4.2e-007 586310 6.27016e-007 1.74352
2.45e-006 4.3e-007 583171 6.27462e-007 2.53428
2.45e-006 4.4e-007 687071 6.27837e-007 1.09609
2.45e-006 4.5e-007 559422 6.2816e-007 1.54834
2.45e-006 4.6e-007 344883 6.28446e-007 0.436084
2.45e-006 4.7e-007 896411 6.28679e-007 6.2883
2.45e-006 4.8e-007 959302 6.28877e-007 2.62139
2.45e-006 4.9e-007 967973 6.29038e-007 5.63208
2.45e-006 5e-007 958099 6.29182e-007 2.72493
2.45e-006 5.1e-007 939333 6.2929e-007 1.68659
2.45e-006 5.2e-007 1.65731e+006 6.29415e-007 77134.9
2.45e-006 5.3e-007 728773 6.29451e-007 2.68867
2.45e-006 5.4e-007 706096 6.29523e-007 2.16893
2.45e-006 5.5e-007 679618 6.29577e-007 80535.6
2.45e-006 5.6e-007 578339 6.29613e-007 0.89323
2.45e-006 5.7e-007 600167 6.29649e-007 3.94249
2.45e-006 5.8e-007 617021 6.29667e-007 1.2593
2.45e-006 5.9e-007 710210 6.29685e-007 3.04624
2.45e-006 6e-007 880994 6.29703e-007 5.46497
2.46e-006 4e-007 685169 6.28321e-007 3.17265
2.46e-006 4.1e-007 645459 6.28948e-007 0.513792
2.46e-006 4.2e-007 595554 6.29487e-007 0.564952
2.46e-006 4.3e-007 696038 6.29937e-007 0.893908
2.46e-006 4.4e-007 769126 6.30334e-007 1.80741
2.46e-006 4.5e-007 546327 6.30658e-007 1.01576
2.46e-006 4.6e-007 1.43991e+006 6.0854e-007 15.7686
2.46e-006 4.7e-007 797600 6.312e-007 1.67892
2.46e-006 4.8e-007 950426 6.31399e-007 9.42206
2.46e-006 4.9e-007 878566 6.3158e-007 5.43354
2.46e-006 5e-007 861794 6.31725e-007 3.12191
2.46e-006 5.1e-007 863146 6.31834e-007 4.01077
2.46e-006 5.2e-007 1.0625e+006 6.31942e-007 1.68631
2.46e-006 5.3e-007 738322 6.32015e-007 1.85379
2.46e-006 5.4e-007 690747 6.32069e-007 2.87277
2.46e-006 5.5e-007 529345 6.32124e-007 2.24131e+006
2.46e-006 5.6e-007 607881 6.3216e-007 1.50148
2.46e-006 5.7e-007 577931 6.32196e-007 2.36191
2.46e-006 5.8e-007 592537 6.32233e-007 4.95328
2.46e-006 5.9e-007 44166.4 6.32251e-007 20504
2.46e-006 6e-007 812905 6.32269e-007 2.96259
2.47e-006 4e-007 766463 6.30767e-007 1.96203
2.47e-006 4.1e-007 613736 6.31399e-007 1.61827
2.47e-006 4.2e-007 643028 6.31961e-007 1566.43
2.47e-006 4.3e-007 657723 6.32432e-007 1.99372
2.47e-006 4.4e-007 834851 6.32832e-007 1.28162
2.47e-006 4.5e-007 1.11212e+006 6.10733e-007 2.99587
2.47e-006 4.6e-007 1.05303e+006 6.1097e-007 6.66319
2.47e-006 4.7e-007 825062 6.33723e-007 1.86817
2.47e-006 4.8e-007 2.19491e+006 6.11343e-007 90906.9
2.47e-006 4.9e-007 1.12654e+006 6.34106e-007 17.0632
2.47e-006 5e-007 1.01804e+006 6.34252e-007 6.07515
2.47e-006 5.1e-007 973374 6.3438e-007 3.48185
2.47e-006 5.2e-007 994015 6.3449e-007 7.89999
2.47e-006 5.3e-007 697961 6.34563e-007 1.11435
2.47e-006 5.4e-007 692202 6.34636e-007 4.49729
2.47e-006 5.5e-007 562304 6.34691e-007 109.962
2.47e-006 5.6e-007 122467 6.13129e-007 568.818
2.47e-006 5.7e-007 549465 6.34764e-007 0.62811
2.47e-006 5.8e-007 561391 6.348e-007 4.0502
2.47e-006 5.9e-007 643950 6.34819e-007 0.518928
2.47e-006 6e-007 787286 6.34837e-007 2.53301
2.48e-006 4e-007 722237 6.33195e-007 1.76168
2.48e-006 4.1e-007 590186 6.33851e-007 2.90616
2.48e-006 4.2e-007 617000 6.12107e-007 0.862233
2.48e-006 4.3e-007 809189 6.12515e-007 9.46862
2.48e-006 4.4e-007 1.38129e+006 6.12856e-007 6.38587
2.48e-006 4.5e-007 469884 6.35716e-007 3.35307e+006
2.48e-006 4.6e-007 815186 6.13385e-007 4.84303
2.48e-006 4.7e-007 1.51798e+006 6.1359e-007 5.95592
2.48e-006 4.8e-007 1.58927e+006 6.13761e-007 6.53535
2.48e-006 4.9e-007 1.47734e+006 6.13915e-007 12.2626
2.48e-006 5e-007 1.09784e+006 6.14034e-007 3.82199
2.48e-006 5.1e-007 913969 6.3691e-007 20.7483
2.48e-006 5.2e-007 974309 6.37021e-007 4.03335
2.48e-006 5.3e-007 517197 6.14274e-007 0.662391
2.48e-006 5.4e-007 515396 6.14325e-007 2.39051
2.48e-006 5.5e-007 741182 6.37224e-007 1.84378
2.48e-006 5.6e-007 534999 6.14394e-007 711.721
2.48e-006 5.7e-007 435485 6.14428e-007 0.723673
2.48e-006 5.8e-007 496714 6.14445e-007 1.51799
2.48e-006 5.9e-007 717431 6.14462e-007 1.74746
2.48e-006 6e-007 1.07791e+006 6.1448e-007 8.14301
2.49e-006 4e-007 419678 6.1347e-007 0.644315
2.49e-006 4.1e-007 648688 6.36304e-007 1.78166
2.49e-006 4.2e-007 602067 6.36874e-007 2.79919
2.49e-006 4.3e-007 602984 6.37371e-007 3.81002
2.49e-006 4.4e-007 906959 6.15269e-007 5.64314
2.49e-006 4.5e-007 1.08229e+006 6.15561e-007 3.52155
2.49e-006 4.6e-007 422006 6.38479e-007 1.20326
2.49e-006 4.7e-007 1.85271e+006 6.16026e-007 11.7585
2.49e-006 4.8e-007 2.52684e+006 6.16215e-007 35.6064
2.49e-006 4.9e-007 2.50857e+006 6.16353e-007 24.0364
2.49e-006 5e-007 2.14644e+006 6.16491e-007 14.1537
2.49e-006 5.1e-007 1.55259e+006 6.16577e-007 5.53476
2.49e-006 5.2e-007 4.58687e+006 6.16698e-007 1.14822e+006
2.49e-006 5.3e-007 749758 6.16732e-007 0.654456
2.49e-006 5.4e-007 644390 6.16784e-007 438.589
2.49e-006 5.5e-007 579310 6.16836e-007 19191.2
2.49e-006 5.6e-007 542539 6.1687e-007 1.88641
2.49e-006 5.7e-007 478150 6.16905e-007 1.32383
2.49e-006 5.8e-007 474155 6.16922e-007 0.614511
2.49e-006 5.9e-007 619888 6.1694e-007 0.481124
2.49e-006 6e-007 851162 6.16957e-007 1.60088
2.5e-006 4e-007 880136 6.38072e-007 117.917
2.5e-006 4.1e-007 502599 6.16405e-007 0.927361
2.5e-006 4.2e-007 593196 6.16888e-007 1.41054
2.5e-006 4.3e-007 774682 6.1732e-007 0.939209
2.5e-006 4.4e-007 1.03553e+006 6.17666e-007 11.1949
2.5e-006 4.5e-007 938300 6.17978e-007 3.41871
2.5e-006 4.6e-007 137062 6.18255e-007 0.0546017
2.5e-006 4.7e-007 1.38775e+006 6.18463e-007 2.64575
2.5e-006 4.8e-007 1.69884e+006 6.18637e-007 3.20544
2.5e-006 4.9e-007 1.60488e+006 6.18793e-007 33581.9
2.5e-006 5e-007 1.30715e+006 6.18932e-007 5.07816
2.5e-006 5.1e-007 1.06136e+006 6.19037e-007 5.50888
2.5e-006 5.2e-007 1.00907e+006 6.19124e-007 2.75475
2.5e-006 5.3e-007 1.6243e+006 6.422e-007 7.25798
2.5e-006 5.4e-007 551302 6.19245e-007 0.811789
2.5e-006 5.5e-007 543006 6.19298e-007 10.0659
2.5e-006 5.6e-007 575269 6.19332e-007 1.57053
2.5e-006 5.7e-007 517185 6.19367e-007 1.56927
2.5e-006 5.8e-007 494360 6.19385e-007 0.392075
2.5e-006 5.9e-007 634218 6.19402e-007 9.36218
2.5e-006 6e-007 929558 6.19419e-007 3.09437
2.5e-006 4e-007 880136 6.38072e-007 121.577
2.5e-006 4.1e-007 502593 6.16405e-007 1.55218
2.5e-006 4.2e-007 593196 6.16888e-007 1.15542
2.5e-006 4.3e-007 774675 6.1732e-007 2.77726
2.5e-006 4.4e-007 1.03551e+006 6.17666e-007 5.48409
2.5e-006 4.5e-007 938317 6.17978e-007 3.03856
2.5e-006 4.6e-007 137062 6.18255e-007 0.138033
2.5e-006 4.7e-007 1.38777e+006 6.18463e-007 3.14815
2.5e-006 4.8e-007 1.69881e+006 6.18637e-007 24.9217
2.5e-006 4.9e-007 1.60487e+006 6.18793e-007 33588.3
2.5e-006 5e-007 1.30714e+006 6.18932e-007 1.62512
2.5e-006 5.1e-007 1.06136e+006 6.19037e-007 3.2046
2.5e-006 5.2e-007 1.00906e+006 6.19124e-007 5.83359
2.5e-006 5.3e-007 1.6243e+006 6.422e-007 9.23108
2.5e-006 5.4e-007 551301 6.19245e-007 1.34341
2.5e-006 5.5e-007 543004 6.19298e-007 9.93391
2.5e-006 5.6e-007 575266 6.19332e-007 1.24595
2.5e-006 5.7e-007 517183 6.19367e-007 0.733366
2.5e-006 5.8e-007 494363 6.19385e-007 1.16197
2.5e-006 5.9e-007 634199 6.19402e-007 16.6309
2.5e-006 6e-007 929568 6.19419e-007 3.47042
2.51e-006 4e-007 498413 6.18186e-007 0.538143
2.51e-006 4.1e-007 431495 6.18776e-007 1.37231
2.51e-006 4.2e-007 549784 6.1928e-007 2.4493
2.51e-006 4.3e-007 686962 6.19716e-007 1.75099
2.51e-006 4.4e-007 972946 6.20082e-007 6.52656
2.51e-006 4.5e-007 799650 6.20378e-007 2.38538
2.51e-006 4.6e-007 722343 6.20676e-007 0.495618
2.51e-006 4.7e-007 1.65642e+006 6.20885e-007 3.96687
2.51e-006 4.8e-007 2.17609e+006 6.21078e-007 39.4615
2.51e-006 4.9e-007 2.32256e+006 6.21235e-007 22160.8
2.51e-006 5e-007 1.94515e+006 6.21376e-007 35.8444
2.51e-006 5.1e-007 1.45408e+006 6.21481e-007 5.71988
2.51e-006 5.2e-007 6.2062e+006 6.10699e-007 193388
2.51e-006 5.3e-007 690156 6.21656e-007 1.80078
2.51e-006 5.4e-007 648624 6.21709e-007 2.30305
2.51e-006 5.5e-007 599483 6.21761e-007 0.723748
2.51e-006 5.6e-007 590822 6.21796e-007 2.07879
2.51e-006 5.7e-007 539360 6.21831e-007 0.895507
2.51e-006 5.8e-007 468841 6.21849e-007 0.121633
2.51e-006 5.9e-007 555933 6.21867e-007 1.52536
2.51e-006 6e-007 759582 6.21884e-007 1.59282
2.52e-006 4e-007 540254 6.20553e-007 0.471079
2.52e-006 4.1e-007 468989 6.21148e-007 0.561977
2.52e-006 4.2e-007 499070 6.21656e-007 2.73347
2.52e-006 4.3e-007 662416 6.22095e-007 2.56179
2.52e-006 4.4e-007 846255 6.22481e-007 4.40315
2.52e-006 4.5e-007 472400 6.22851e-007 2.97692e+006
2.52e-006 4.6e-007 1.0438e+006 6.2308e-007 9.34888
2.52e-006 4.7e-007 1.14851e+006 6.23327e-007 9.03459
2.52e-006 4.8e-007 1.88554e+006 6.23521e-007 12.3042
2.52e-006 4.9e-007 140113 6.23679e-007 194570
2.52e-006 5e-007 1.76326e+006 6.23821e-007 18.0991
2.52e-006 5.1e-007 1.42954e+006 6.23927e-007 4.46053
2.52e-006 5.2e-007 1.12762e+006 6.24033e-007 5.60624
2.52e-006 5.3e-007 682394 6.24103e-007 5.35964
2.52e-006 5.4e-007 636833 6.24174e-007 2.91068
2.52e-006 5.5e-007 611294 6.24227e-007 4.10723
2.52e-006 5.6e-007 582435 6.24262e-007 16449.3
2.52e-006 5.7e-007 559559 6.24298e-007 2.78369
2.52e-006 5.8e-007 498255 6.24316e-007 2.17484
2.52e-006 5.9e-007 560356 6.24333e-007 1.02541
2.52e-006 6e-007 780847 6.24351e-007 8.35868
2.53e-006 4e-007 590286 6.22886e-007 1.86907
2.53e-006 4.1e-007 483358 6.23503e-007 0.807397
2.53e-006 4.2e-007 534644 6.24033e-007 0.465544
2.53e-006 4.3e-007 650170 6.24492e-007 0.601213
2.53e-006 4.4e-007 904959 6.24882e-007 3.65003
2.53e-006 4.5e-007 1.73299e+006 6.25219e-007 14.7188
2.53e-006 4.6e-007 1.22309e+006 6.25503e-007 6.80226
2.53e-006 4.7e-007 1.04626e+006 6.25734e-007 2.85307
2.53e-006 4.8e-007 1.65105e+006 6.25947e-007 34.0613
2.53e-006 4.9e-007 1.80963e+006 6.26107e-007 6.6377
2.53e-006 5e-007 1.50387e+006 6.26249e-007 4.96215
2.53e-006 5.1e-007 1.23403e+006 6.26374e-007 4.38324
2.53e-006 5.2e-007 4.17404e+006 6.04882e-007 542885
2.53e-006 5.3e-007 436003 6.26552e-007 1.02808
2.53e-006 5.4e-007 561910 6.26623e-007 3.25181
2.53e-006 5.5e-007 516858 6.26677e-007 0.704106
2.53e-006 5.6e-007 24840.2 6.26712e-007 5419.21
2.53e-006 5.7e-007 507509 6.26748e-007 96419.1
2.53e-006 5.8e-007 466645 6.26784e-007 0.610976
2.53e-006 5.9e-007 496411 6.26802e-007 1.60573
2.53e-006 6e-007 695153 6.26819e-007 1.3113
2.54e-006 4e-007 483951 6.25254e-007 14958.2
2.54e-006 4.1e-007 459571 6.25876e-007 0.659653
2.54e-006 4.2e-007 457356 6.26427e-007 1.66864
2.54e-006 4.3e-007 599934 6.26891e-007 0.715876
2.54e-006 4.4e-007 695777 6.27301e-007 3.72796
2.54e-006 4.5e-007 1.29008e+006 6.27641e-007 7.43561
2.54e-006 4.6e-007 1.1601e+006 6.27927e-007 2.27761
2.54e-006 4.7e-007 373490 6.28177e-007 0.368222
2.54e-006 4.8e-007 2.10677e+006 6.28392e-007 12.5499
2.54e-006 4.9e-007 2.43082e+006 6.28572e-007 34.1196
2.54e-006 5e-007 2.58749e+006 6.28715e-007 43.7198
2.54e-006 5.1e-007 1.91032e+006 6.28841e-007 11.6475
2.54e-006 5.2e-007 1.4492e+006 6.2893e-007 1.55878
2.54e-006 5.3e-007 3.41073e+006 6.29038e-007 9209.51
2.54e-006 5.4e-007 737149 6.29092e-007 3.08456
2.54e-006 5.5e-007 114553 6.29146e-007 72113.6
2.54e-006 5.6e-007 613367 6.29182e-007 1215.47
2.54e-006 5.7e-007 585281 6.29218e-007 1.43844
2.54e-006 5.8e-007 516878 6.29254e-007 1.23937
2.54e-006 5.9e-007 504633 6.29272e-007 2.1664
2.54e-006 6e-007 621927 6.2929e-007 8.02141
2.55e-006 4e-007 651063 6.27605e-007 3.67807
2.55e-006 4.1e-007 524959 6.28231e-007 0.387077
2.55e-006 4.2e-007 532265 6.28787e-007 0.711927
2.55e-006 4.3e-007 648814 6.29272e-007 1.54368
2.55e-006 4.4e-007 820704 6.29685e-007 3.36732
2.55e-006 4.5e-007 1.16973e+006 6.30045e-007 5.00726
2.55e-006 4.6e-007 1.02881e+006 6.30334e-007 3.08703
2.55e-006 4.7e-007 1.95627e+006 6.08978e-007 4.05003
2.55e-006 4.8e-007 1.48178e+006 6.30803e-007 11.8419
2.55e-006 4.9e-007 1.64587e+006 6.31001e-007 6.32983
2.55e-006 5e-007 1.57115e+006 6.31146e-007 344.157
2.55e-006 5.1e-007 1.32028e+006 6.31273e-007 9.40725
2.55e-006 5.2e-007 1.00073e+006 6.31381e-007 3.70115
2.55e-006 5.3e-007 989767 6.31472e-007 4.53878
2.55e-006 5.4e-007 588561 6.31544e-007 2.5773
2.55e-006 5.5e-007 559971 6.31598e-007 0.698033
2.55e-006 5.6e-007 571214 6.31653e-007 1.55812
2.55e-006 5.7e-007 585260 6.31689e-007 0.4509
2.55e-006 5.8e-007 559977 6.31707e-007 2.78633
2.55e-006 5.9e-007 497010 6.31743e-007 1.48006
2.55e-006 6e-007 622226 6.31761e-007 1.11163
2.56e-006 4e-007 570113 6.29955e-007 1.68855
2.56e-006 4.1e-007 427985 6.30604e-007 0.70844
2.56e-006 4.2e-007 451605 6.31164e-007 0.761941
2.56e-006 4.3e-007 537987 6.31653e-007 0.423755
2.56e-006 4.4e-007 571242 6.32087e-007 0.860634
2.56e-006 4.5e-007 2.48695e+006 6.10885e-007 3.0903e+007
2.56e-006 4.6e-007 1.2401e+006 6.11106e-007 0.572161
2.56e-006 4.7e-007 480925 6.33013e-007 5.42109
2.56e-006 4.8e-007 199.67 6.24616e-007 793.6
2.57e-006 4e-007 652211 6.32287e-007 5.07179
2.57e-006 4.1e-007 524793 6.32959e-007 2.04925
2.57e-006 4.2e-007 475187 6.33541e-007 1.52931
2.57e-006 4.3e-007 563704 6.34033e-007 1.96332
2.57e-006 4.4e-007 668174 6.34472e-007 2.34555
2.57e-006 4.5e-007 1.61887e+006 6.1318e-007 15.8903
2.57e-006 4.6e-007 1.45261e+006 6.13436e-007 7.3775
2.57e-006 4.7e-007 918280 6.35441e-007 4.84022
2.57e-006 4.8e-007 2.95013e+006 6.13846e-007 16.1868
2.57e-006 4.9e-007 3.55493e+006 6.14e-007 62.9218
2.57e-006 5e-007 -226189 6.36028e-007 354903
2.57e-006 5.1e-007 2.73337e+006 6.1424e-007 24.4403
2.57e-006 5.2e-007 1.93049e+006 6.14325e-007 9.08443
2.57e-006 5.3e-007 1.13259e+006 6.36377e-007 5.10331
2.57e-006 5.4e-007 891172 6.14462e-007 4.9147
2.57e-006 5.5e-007 781573 6.14497e-007 4.10101
2.57e-006 5.6e-007 763646 6.14548e-007 16.9894
2.57e-006 5.7e-007 748411 6.14582e-007 292276
2.57e-006 5.8e-007 564270 6.14599e-007 0.858251
2.57e-006 5.9e-007 505824 6.36671e-007 1.8181
2.57e-006 6e-007 602319 6.14634e-007 1.88256
2.58e-006 4e-007 759826 6.34618e-007 5.21361
2.58e-006 4.1e-007 544300 6.35313e-007 0.647665
2.58e-006 4.2e-007 480533 6.359e-007 1.24572
2.58e-006 4.3e-007 492482 6.14822e-007 0.355809
2.58e-006 4.4e-007 742905 6.15183e-007 2.37905
2.58e-006 4.5e-007 1.302e+006 6.15509e-007 3.83488
2.58e-006 4.6e-007 3.75255e+006 6.37592e-007 2452.56
2.58e-006 4.7e-007 1.33664e+006 6.37851e-007 5.88548
2.58e-006 4.8e-007 2.80219e+006 6.16198e-007 18.193
2.58e-006 4.9e-007 4.03174e+006 6.16353e-007 65.2413
2.58e-006 5e-007 3.86274e+006 6.16491e-007 120.595
2.58e-006 5.1e-007 2.98176e+006 6.16594e-007 25.6136
2.58e-006 5.2e-007 2.10942e+006 6.16698e-007 24.0875
2.58e-006 5.3e-007 91220.4 6.16784e-007 535042
2.58e-006 5.4e-007 940336 6.16836e-007 4.2194
2.58e-006 5.5e-007 834865 6.1687e-007 9.2939
2.58e-006 5.6e-007 809181 6.16922e-007 1.31583
2.58e-006 5.7e-007 800732 6.16957e-007 118.479
2.58e-006 5.8e-007 623277 6.16974e-007 0.96575
2.58e-006 5.9e-007 277795 6.16991e-007 0.188518
2.58e-006 6e-007 -2.2861e+006 6.17009e-007 2.08757e+007
2.59e-006 4e-007 482619 6.15595e-007 0.538894
2.59e-006 4.1e-007 324654 6.16181e-007 0.399969
2.59e-006 4.2e-007 329353 6.16698e-007 0.283858
2.59e-006 4.3e-007 479799 6.17147e-007 0.482856
2.59e-006 4.4e-007 617355 6.17527e-007 0.953907
2.59e-006 4.5e-007 1.04816e+006 6.17856e-007 7.01551
2.59e-006 4.6e-007 1.10727e+006 6.18116e-007 1.53223
2.59e-006 4.7e-007 659206 6.18359e-007 2.28403
2.59e-006 4.8e-007 2.43944e+006 6.1855e-007 10.7504
2.59e-006 4.9e-007 3.1029e+006 6.18724e-007 38.8553
2.59e-006 5e-007 3.75196e+006 6.18863e-007 65886.5
2.59e-006 5.1e-007 2.93759e+006 6.18967e-007 117.322
2.59e-006 5.2e-007 2.1235e+006 6.19071e-007 9.20221
2.59e-006 5.3e-007 1.74527e+006 6.19158e-007 10.9539
2.59e-006 5.4e-007 1.81537e+006 6.41378e-007 17.364
2.59e-006 5.5e-007 783190 6.19263e-007 0.783327
2.59e-006 5.6e-007 758144 6.19315e-007 0.52413
2.59e-006 5.7e-007 -101719 6.19332e-007 905318
2.59e-006 5.8e-007 756275 6.19367e-007 7.08658
2.59e-006 5.9e-007 409587 6.19385e-007 0.874289
2.59e-006 6e-007 555078 6.19402e-007 0.448858
2.6e-006 4e-007 454233 6.17856e-007 1.22189
2.6e-006 4.1e-007 301859 6.18463e-007 0.885583
2.6e-006 4.2e-007 229750 6.18984e-007 0.172671
2.6e-006 4.3e-007 442709 6.19437e-007 0.440078
2.6e-006 4.4e-007 650141 6.19838e-007 0.378653
2.6e-006 4.5e-007 1.04334e+006 6.20169e-007 8.44858
2.6e-006 4.6e-007 1.00689e+006 6.20448e-007 1.237
2.6e-006 4.7e-007 1.70267e+006 6.20693e-007 37.491
2.6e-006 4.8e-007 2.36826e+006 6.20885e-007 45.4033
2.6e-006 4.9e-007 3.30312e+006 6.2106e-007 28.5029
2.6e-006 5e-007 3.02609e+006 6.212e-007 43.7182
2.6e-006 5.1e-007 2.87371e+006 6.21323e-007 19.7599
2.6e-006 5.2e-007 2.04099e+006 6.21428e-007 6.57349
2.6e-006 5.3e-007 1.62929e+006 6.21516e-007 9.34815
2.6e-006 5.4e-007 916636 6.21568e-007 7.71769
2.6e-006 5.5e-007 820545 6.21621e-007 5.94066
2.6e-006 5.6e-007 777137 6.21674e-007 2.64447
2.6e-006 5.7e-007 111752 6.21709e-007 575591
2.6e-006 5.8e-007 167891 6.22569e-007 210.266
2.6e-006 5.9e-007 396170 6.21761e-007 0.414557
2.6e-006 6e-007 394920 6.21779e-007 0.601763
2.61e-006 4e-007 524771 6.20134e-007 0.928546
2.61e-006 4.1e-007 398039 6.20745e-007 0.525337
2.61e-006 4.2e-007 271969 6.21288e-007 0.115233
2.61e-006 4.3e-007 399389 6.21744e-007 1.23013
2.61e-006 4.4e-007 538873 6.22147e-007 0.556422
2.61e-006 4.5e-007 841189 6.22499e-007 0.658306
2.61e-006 4.6e-007 597135 6.2278e-007 2067.15
2.61e-006 4.7e-007 1.48557e+006 6.23045e-007 8.2531
2.61e-006 4.8e-007 1.85081e+006 6.23238e-007 12.3308
2.61e-006 4.9e-007 3.05986e+006 6.23415e-007 96.3462
2.61e-006 5e-007 4.03592e+006 6.23574e-007 120.368
2.61e-006 5.1e-007 3.77785e+006 6.23697e-007 43.1068
2.61e-006 5.2e-007 2.78391e+006 6.23803e-007 232.406
2.61e-006 5.3e-007 1.91073e+006 6.23891e-007 13.034
2.61e-006 5.4e-007 3.13006e+006 6.34929e-007 37.7755
2.61e-006 5.5e-007 792238 6.24015e-007 1.78242
2.61e-006 5.6e-007 726220 6.2405e-007 1.04312
2.61e-006 5.7e-007 672223 6.24086e-007 1461.11
2.61e-006 5.8e-007 712812 6.24121e-007 3588.19
2.61e-006 5.9e-007 534864 6.24139e-007 1.09136
2.61e-006 6e-007 393806 6.24174e-007 1.07439
2.62e-006 4e-007 530327 6.22394e-007 0.705908
2.62e-006 4.1e-007 374836 6.23027e-007 0.341914
2.62e-006 4.2e-007 257706 6.23574e-007 0.165585
2.62e-006 4.3e-007 380125 6.2405e-007 7904.13
2.62e-006 4.4e-007 546297 6.24457e-007 0.735945
2.62e-006 4.5e-007 844831 6.24811e-007 3.09288
2.62e-006 4.6e-007 3.68656e+006 6.2513e-007 10128.7
2.62e-006 4.7e-007 1.53414e+006 6.25361e-007 2.17607
2.62e-006 4.8e-007 1.67211e+006 6.25574e-007 6.46231
2.62e-006 4.9e-007 2.85389e+006 6.25769e-007 18.8087
2.62e-006 5e-007 3.4826e+006 6.25929e-007 58.1897
2.62e-006 5.1e-007 3.34535e+006 6.26054e-007 92.3923
2.62e-006 5.2e-007 2.47506e+006 6.2616e-007 60.7904
2.62e-006 5.3e-007 -95345.2 6.05381e-007 417751
2.62e-006 5.4e-007 229842 6.2698e-007 0.606757
2.62e-006 5.5e-007 914594 6.26374e-007 10.7508
2.62e-006 5.6e-007 817680 6.26427e-007 2.26995
2.62e-006 5.7e-007 819289 6.26463e-007 1.64153
2.62e-006 5.8e-007 818418 6.26499e-007 19.1338
2.62e-006 5.9e-007 644093 6.26516e-007 4.22906
2.62e-006 6e-007 329124 6.26534e-007 0.514467
2.63e-006 4e-007 526262 6.24669e-007 2.09709
2.63e-006 4.1e-007 460253 6.25308e-007 2.4487
2.63e-006 4.2e-007 242399 6.25876e-007 0.0589314
2.63e-006 4.3e-007 371019 6.26356e-007 0.357676
2.63e-006 4.4e-007 547475 6.26784e-007 1.1575
2.63e-006 4.5e-007 762638 6.27141e-007 0.610168
2.63e-006 4.6e-007 1.52372e+006 6.27462e-007 8.64075
2.63e-006 4.7e-007 1.56207e+006 6.27712e-007 16.811
2.63e-006 4.8e-007 830264 6.27927e-007 5.70386
2.63e-006 4.9e-007 3.04278e+006 6.28124e-007 76.5398
2.63e-006 5e-007 3.7947e+006 6.28285e-007 25.2648
2.63e-006 5.1e-007 3.78904e+006 6.2841e-007 7.82643
2.63e-006 5.2e-007 3.01446e+006 6.28518e-007 46.6427
2.63e-006 5.3e-007 2.17124e+006 6.28625e-007 29.2798
2.63e-006 5.4e-007 4.80519e+006 6.28715e-007 2156.72
2.63e-006 5.5e-007 984914 6.28751e-007 4.35205
2.63e-006 5.6e-007 868141 6.28805e-007 2.15677
2.63e-006 5.7e-007 815789 6.28841e-007 3.08417
2.63e-006 5.8e-007 848432 6.28877e-007 3036.49
2.63e-006 5.9e-007 713381 6.28912e-007 4.13946
2.63e-006 6e-007 320845 6.2893e-007 0.683884
2.64e-006 4e-007 579585 6.26926e-007 1.00793
2.64e-006 4.1e-007 435722 6.27587e-007 70.3869
2.64e-006 4.2e-007 323791 6.2816e-007 0.438675
2.64e-006 4.3e-007 343573 6.28661e-007 0.489153
2.64e-006 4.4e-007 516156 6.29092e-007 1.00916
2.64e-006 4.5e-007 732161 6.29469e-007 1.74087
2.64e-006 4.6e-007 1.16388e+006 6.29775e-007 11.7399
2.64e-006 4.7e-007 1.2831e+006 6.30045e-007 11.3912
2.64e-006 4.8e-007 85543 6.30298e-007 38.3456
2.64e-006 4.9e-007 2.47059e+006 6.30478e-007 31.9459
2.64e-006 5e-007 3.66573e+006 6.3064e-007 75.1639
2.64e-006 5.1e-007 3.79958e+006 6.30785e-007 40.0604
2.64e-006 5.2e-007 3.14786e+006 6.30893e-007 73.9731
2.64e-006 5.3e-007 2.29201e+006 6.30983e-007 32.9144
2.64e-006 5.4e-007 1.89527e+006 6.31074e-007 3.02887
2.64e-006 5.5e-007 1.00711e+006 6.31128e-007 7.22683
2.64e-006 5.6e-007 858981 6.31182e-007 6.82985
2.64e-006 5.7e-007 808624 6.31218e-007 0.752667
2.64e-006 5.8e-007 27335.2 6.31255e-007 13199.2
2.64e-006 5.9e-007 817988 6.31291e-007 5.49767
2.64e-006 6e-007 461635 6.31309e-007 0.365343
2.65e-006 4e-007 532807 6.29182e-007 1.28151
2.65e-006 4.1e-007 435574 6.29847e-007 8.02089
2.65e-006 4.2e-007 247931 6.30442e-007 0.172639
2.65e-006 4.3e-007 297549 6.30947e-007 0.238768
2.65e-006 4.4e-007 460218 6.31399e-007 2.05754
2.65e-006 4.5e-007 713442 6.31779e-007 2.99558
2.65e-006 4.6e-007 1.15411e+006 6.32106e-007 3.99615
2.65e-006 4.7e-007 1.15896e+006 6.32378e-007 12.851
2.65e-006 4.8e-007 1.65072e+006 6.32614e-007 2.86635
2.65e-006 4.9e-007 2.75554e+006 6.32813e-007 3.36992
2.65e-006 5e-007 1.2023e+006 6.11954e-007 206.1
2.65e-006 5.1e-007 3.46333e+006 6.33123e-007 16.3838
2.65e-006 5.2e-007 3.10348e+006 6.3325e-007 95.2097
2.65e-006 5.3e-007 2.29379e+006 6.33341e-007 41.7034
2.65e-006 5.4e-007 1.81201e+006 6.33432e-007 22.5003
2.65e-006 5.5e-007 999641 6.33487e-007 5.15022
2.65e-006 5.6e-007 793433 6.12396e-007 2.42804
2.65e-006 5.7e-007 812375 6.33596e-007 4.95071
2.65e-006 5.8e-007 100292 6.12583e-007 70956.2
2.65e-006 5.9e-007 116807 6.34271e-007 588.366
2.65e-006 6e-007 448003 6.33687e-007 2.7181
2.66e-006 4e-007 599792 6.31454e-007 2.40264
2.66e-006 4.1e-007 489567 6.32142e-007 0.0299812
2.66e-006 4.2e-007 349558 6.32741e-007 0.199928
2.66e-006 4.3e-007 283832 6.33268e-007 0.736452
2.66e-006 4.4e-007 625946 6.12907e-007 1.94924
2.66e-006 4.5e-007 792335 6.13231e-007 1.76228
2.66e-006 4.6e-007 1.96181e+006 6.13521e-007 6768.15
2.66e-006 4.7e-007 857530 6.13744e-007 4.1942
2.66e-006 4.8e-007 1.5242e+006 6.34965e-007 4.37012
2.66e-006 4.9e-007 1.12882e+006 6.14103e-007 22.1452
2.66e-006 5e-007 3.48855e+006 6.3535e-007 42.3858
2.66e-006 5.1e-007 1.69578e+006 6.1436e-007 11.7493
2.66e-006 5.2e-007 1.8383e+006 6.14462e-007 19.1917
2.66e-006 5.3e-007 2.92362e+006 6.35716e-007 51.2581
2.66e-006 5.4e-007 2.11044e+006 6.35808e-007 44.294
2.66e-006 5.5e-007 870000 6.14651e-007 1.58196
2.66e-006 5.6e-007 829806 6.14702e-007 4.10709
2.66e-006 5.7e-007 828023 6.14737e-007 3.33086
2.66e-006 5.8e-007 732391 6.3601e-007 126.689
2.66e-006 5.9e-007 961576 6.14788e-007 1.42211
2.66e-006 6e-007 395064 6.14805e-007 0.990149
2.67e-006 4e-007 606469 6.33705e-007 1.82692
2.67e-006 4.1e-007 678667 6.13778e-007 0.277353
2.67e-006 4.2e-007 366383 6.3502e-007 1.58352
2.67e-006 4.3e-007 264775 6.35551e-007 0.154996
2.67e-006 4.4e-007 706038 6.15131e-007 4.99653
2.67e-006 4.5e-007 875506 6.15475e-007 1.0305
2.67e-006 4.6e-007 1.31838e+006 6.15767e-007 13.2718
2.67e-006 4.7e-007 883844 6.15991e-007 1.20457
2.67e-006 4.8e-007 1.70701e+006 6.37297e-007 4.01635
2.67e-006 4.9e-007 1.07703e+006 6.1637e-007 4.13587
2.67e-006 5e-007 1.17528e+006 6.16525e-007 4.80348
2.67e-006 5.1e-007 1.34181e+006 6.16646e-007 7.85334
2.67e-006 5.2e-007 1.14059e+006 6.16732e-007 3.57737
2.67e-006 5.3e-007 1.05385e+006 6.16819e-007 3.34662
2.67e-006 5.4e-007 89464.8 6.16905e-007 478477
2.67e-006 5.5e-007 703428 6.1694e-007 1.39962
2.67e-006 5.6e-007 776025 6.16991e-007 35303.3
2.67e-006 5.7e-007 848136 6.17026e-007 1.96776
2.67e-006 5.8e-007 60549 6.1706e-007 293066
2.67e-006 5.9e-007 1.21538e+006 6.17078e-007 12.4821
2.67e-006 6e-007 666245 6.17095e-007 0.896404
2.68e-006 4e-007 655224 6.15372e-007 1.99147
2.68e-006 4.1e-007 530728 6.15991e-007 0.967208
2.68e-006 4.2e-007 521597 6.16525e-007 1.01105
2.68e-006 4.3e-007 296892 6.37851e-007 0.742934
2.68e-006 4.4e-007 641824 6.17389e-007 0.742523
2.68e-006 4.5e-007 825601 6.17718e-007 1.2038
2.68e-006 4.6e-007 941105 6.18012e-007 2.97224
2.68e-006 4.7e-007 851043 6.18255e-007 6.14043
2.68e-006 4.8e-007 997883 6.18481e-007 6.82926
2.68e-006 4.9e-007 1.10289e+006 6.18654e-007 11.2059
2.68e-006 5e-007 1.393e+006 6.18793e-007 5.4877
2.68e-006 5.1e-007 1.58932e+006 6.18932e-007 27.8427
2.68e-006 5.2e-007 1.75733e+006 6.19037e-007 7.64687
2.68e-006 5.3e-007 1.49759e+006 6.19124e-007 11.0081
2.68e-006 5.4e-007 1.52975e+006 6.19193e-007 4.37362
2.68e-006 5.5e-007 2.91301e+006 6.40632e-007 310.62
2.68e-006 5.6e-007 801889 6.19298e-007 3.67437
2.68e-006 5.7e-007 800574 6.19332e-007 0.980083
2.68e-006 5.8e-007 888482 6.19367e-007 1964.39
2.68e-006 5.9e-007 1.06906e+006 6.19385e-007 11.6845
2.68e-006 6e-007 894458 6.19402e-007 4.24401
2.69e-006 4e-007 657130 6.17562e-007 1.63185
2.69e-006 4.1e-007 579521 6.18186e-007 3254.6
2.69e-006 4.2e-007 572082 6.18741e-007 1.05844
2.69e-006 4.3e-007 129413 6.19211e-007 0.0752367
2.69e-006 4.4e-007 623460 6.19611e-007 1.96916
2.69e-006 4.5e-007 794122 6.1996e-007 3.20412
2.69e-006 4.6e-007 925466 6.20256e-007 1.5373
2.69e-006 4.7e-007 728470 6.20518e-007 2.2772
2.69e-006 4.8e-007 1.10782e+006 6.20745e-007 3.83337
2.69e-006 4.9e-007 961704 6.2092e-007 5.3329
2.69e-006 5e-007 1.20565e+006 6.21078e-007 3.82141
2.69e-006 5.1e-007 1.23179e+006 6.212e-007 429730
2.69e-006 5.2e-007 1.43286e+006 6.21306e-007 22.9887
2.69e-006 5.3e-007 1.47879e+006 6.21393e-007 10.4035
2.69e-006 5.4e-007 327791 6.11309e-007 2.54965e+006
2.69e-006 5.5e-007 876357 6.21533e-007 4.61688
2.69e-006 5.6e-007 884490 6.21586e-007 2.45915
2.69e-006 5.7e-007 900514 6.21621e-007 5.92767
2.69e-006 5.8e-007 1.01064e+006 6.21656e-007 1.7596
2.69e-006 5.9e-007 1.15413e+006 6.21674e-007 723.449
2.69e-006 6e-007 1.11893e+006 6.21709e-007 3.30077
2.7e-006 4e-007 653280 6.1975e-007 4.48141
2.7e-006 4.1e-007 635368 6.20378e-007 1.67236
2.7e-006 4.2e-007 594014 6.20938e-007 1.5112
2.7e-006 4.3e-007 139161 6.21428e-007 0.0384286
2.7e-006 4.4e-007 511893 6.21831e-007 1.46373
2.7e-006 4.5e-007 774312 6.222e-007 1.90223
2.7e-006 4.6e-007 896505 6.22517e-007 3.76112
2.7e-006 4.7e-007 638873 6.22763e-007 1.56948
2.7e-006 4.8e-007 936914 6.22992e-007 2.2764
2.7e-006 4.9e-007 964194 6.23186e-007 1.41268
2.7e-006 5e-007 1.13121e+006 6.23344e-007 10.0626
2.7e-006 5.1e-007 1.30182e+006 6.23485e-007 7080.29
2.7e-006 5.2e-007 1.39094e+006 6.23591e-007 3.65519
2.7e-006 5.3e-007 1.27676e+006 6.23679e-007 8.57148
2.7e-006 5.4e-007 1.27191e+006 6.23768e-007 13.1985
2.7e-006 5.5e-007 734343 6.23821e-007 2.84442
2.7e-006 5.6e-007 807914 6.23874e-007 1.35519
2.7e-006 5.7e-007 841685 6.23909e-007 4.6583
2.7e-006 5.8e-007 924698 6.23944e-007 2.01884
2.7e-006 5.9e-007 -104341 6.2398e-007 911536
2.7e-006 6e-007 1.12276e+006 6.23997e-007 2.45301
2.71e-006 4e-007 641258 6.21937e-007 1.36715
2.71e-006 4.1e-007 623045 6.22605e-007 3.26546
2.71e-006 4.2e-007 585782 6.23168e-007 0.658601
2.71e-006 4.3e-007 254452 6.23662e-007 0.279895
2.71e-006 4.4e-007 513040 6.24086e-007 2.04421
2.71e-006 4.5e-007 747224 6.24457e-007 2.2366
2.71e-006 4.6e-007 662967 6.24776e-007 608.258
2.71e-006 4.7e-007 1.89748e+006 6.05065e-007 43.8438
2.71e-006 4.8e-007 940035 6.25272e-007 3.11398
2.71e-006 4.9e-007 842451 6.25467e-007 3.25524
2.71e-006 5e-007 -88510.5 6.25627e-007 100137
2.71e-006 5.1e-007 1.44594e+006 6.25769e-007 5.0324
2.71e-006 5.2e-007 1.70886e+006 6.25894e-007 9.85855
2.71e-006 5.3e-007 1.70274e+006 6.25983e-007 23.1545
2.71e-006 5.4e-007 7.6929e+006 6.05897e-007 2.22807e+007
2.71e-006 5.5e-007 757538 6.26125e-007 2.2694
2.71e-006 5.6e-007 870868 6.26178e-007 1.50563
2.71e-006 5.7e-007 837069 6.26214e-007 6.01053
2.71e-006 5.8e-007 886982 6.26249e-007 3.92779
2.71e-006 5.9e-007 111490 6.25414e-007 0.0932909
2.71e-006 6e-007 1.0984e+006 6.26303e-007 2.70973
2.72e-006 4e-007 659622 6.24121e-007 1.97976
2.72e-006 4.1e-007 659849 6.24793e-007 0.965963
2.72e-006 4.2e-007 647481 6.25361e-007 2.34167
2.72e-006 4.3e-007 359013 6.25876e-007 0.459866
2.72e-006 4.4e-007 396864 6.26303e-007 0.892042
2.72e-006 4.5e-007 779714 6.26695e-007 5.7558
2.72e-006 4.6e-007 931957 6.27016e-007 2.72253
2.72e-006 4.7e-007 2.3018e+006 6.27301e-007 189.723
2.72e-006 4.8e-007 972625 6.27533e-007 5.96335
2.72e-006 4.9e-007 804118 6.2773e-007 1.07373
2.72e-006 5e-007 1.09598e+006 6.27891e-007 2.74054
2.72e-006 5.1e-007 1.30186e+006 6.28034e-007 7.26341
2.72e-006 5.2e-007 1.29512e+006 6.2816e-007 9.73063
2.72e-006 5.3e-007 1.2162e+006 6.28267e-007 28.1223
2.72e-006 5.4e-007 1.09081e+006 6.28339e-007 9.49675
2.72e-006 5.5e-007 5.29066e+006 6.28428e-007 103609
2.72e-006 5.6e-007 732033 6.28464e-007 1.84102
2.72e-006 5.7e-007 742188 6.28518e-007 58.1685
2.72e-006 5.8e-007 840557 6.28554e-007 0.920845
2.72e-006 5.9e-007 1.00285e+006 6.28572e-007 295031
2.72e-006 6e-007 1.18502e+006 6.28607e-007 4.78001
2.73e-006 4e-007 668749 6.26303e-007 0.296008
2.73e-006 4.1e-007 536607 6.26998e-007 1.82778
2.73e-006 4.2e-007 550121 6.27587e-007 0.98085
2.73e-006 4.3e-007 447411 6.28106e-007 0.239685
2.73e-006 4.4e-007 340688 6.28554e-007 0.395039
2.73e-006 4.5e-007 696589 6.2893e-007 3.12236
2.73e-006 4.6e-007 760869 6.29272e-007 2.02337
2.73e-006 4.7e-007 1.10685e+006 6.29559e-007 2.4218
2.73e-006 4.8e-007 906260 6.29793e-007 0.375171
2.73e-006 4.9e-007 1.31725e+006 6.09803e-007 2.45676
2.73e-006 5e-007 1.20028e+006 6.30171e-007 12.8638
2.73e-006 5.1e-007 1.44189e+006 6.30316e-007 5.11008
2.73e-006 5.2e-007 1.85015e+006 6.30442e-007 29.9069
2.73e-006 5.3e-007 1.86548e+006 6.3055e-007 21.1616
2.73e-006 5.4e-007 1.73515e+006 6.3064e-007 31.175
2.73e-006 5.5e-007 1.66748e+006 6.30713e-007 21.7461
2.73e-006 5.6e-007 935386 6.30767e-007 1.591
2.73e-006 5.7e-007 765394 6.10445e-007 1.99769
2.73e-006 5.8e-007 826545 6.30857e-007 6.12396
2.73e-006 5.9e-007 858006 6.30875e-007 35.6507
2.73e-006 6e-007 990238 6.30911e-007 24.2775
2.74e-006 4e-007 678453 6.28482e-007 1.48613
2.74e-006 4.1e-007 682525 6.29182e-007 3.03398
2.74e-006 4.2e-007 628392 6.29793e-007 6.80327
2.74e-006 4.3e-007 502930 6.30316e-007 0.243342
2.74e-006 4.4e-007 206734 6.30767e-007 0.625888
2.74e-006 4.5e-007 673312 6.31164e-007 1.83268
2.74e-006 4.6e-007 827941 6.31508e-007 2.46033
2.74e-006 4.7e-007 979935 6.31797e-007 5.10347
2.74e-006 4.8e-007 824833 6.32051e-007 0.193688
2.74e-006 4.9e-007 1.20851e+006 6.32269e-007 9.8318
2.74e-006 5e-007 1.53447e+006 6.12141e-007 5.11461
2.74e-006 5.1e-007 1.2666e+006 6.32596e-007 14.9741
2.74e-006 5.2e-007 1.16061e+006 6.32723e-007 594498
2.74e-006 5.3e-007 1.5011e+006 6.32832e-007 28.455
2.74e-006 5.4e-007 1.35356e+006 6.32923e-007 8.31315
2.74e-006 5.5e-007 -142740 6.2264e-007 522342
2.74e-006 5.6e-007 852270 6.3305e-007 2.0273
2.74e-006 5.7e-007 838798 6.33104e-007 3.28729
2.74e-006 5.8e-007 891764 6.33141e-007 2.20164
2.74e-006 5.9e-007 145197 6.12464e-007 1788.82
2.74e-006 6e-007 106853 6.33432e-007 8058.1
2.75e-006 4e-007 725170 6.30658e-007 0.789603
2.75e-006 4.1e-007 641566 6.31363e-007 2.49579
2.75e-006 4.2e-007 725263 6.31979e-007 90268.8
2.75e-006 4.3e-007 572957 6.32523e-007 4.05387
2.75e-006 4.4e-007 520252 6.12924e-007 0.970355
2.75e-006 4.5e-007 1.78427e+006 6.13265e-007 11.54
2.75e-006 4.6e-007 2.67975e+006 6.13556e-007 47.7405
2.75e-006 4.7e-007 1.01337e+006 6.34052e-007 1.86107
2.75e-006 4.8e-007 2.45681e+006 6.14017e-007 29.3934
2.75e-006 4.9e-007 1.10162e+006 6.34526e-007 5.89039
2.75e-006 5e-007 1.49767e+006 6.14342e-007 49.7511
2.75e-006 5.1e-007 1.26778e+006 6.34874e-007 3.48664
2.75e-006 5.2e-007 1.53211e+006 6.35002e-007 400503
2.75e-006 5.3e-007 875139 6.14668e-007 137285
2.75e-006 5.4e-007 772998 6.14737e-007 2.88428
2.75e-006 5.5e-007 1.3316e+006 6.35276e-007 1.97448
2.75e-006 5.6e-007 628551 6.1484e-007 2.62257
2.75e-006 5.7e-007 739360 6.14874e-007 3.34931
2.75e-006 5.8e-007 944901 6.14908e-007 1.89945
2.75e-006 5.9e-007 1.2791e+006 6.14942e-007 61.1395
2.75e-006 6e-007 1.77644e+006 6.1496e-007 319.472

