2.25e-006 4e-007 231077 6.24412e-007 0.441564
2.25e-006 4.1e-007 159905 6.24973e-007 0.306018
2.25e-006 4.2e-007 147991 6.2543e-007 0.106315
2.25e-006 4.3e-007 39199.6 6.25782e-007 0.0206059
2.25e-006 4.4e-007 102744 6.26134e-007 0.0267339
2.25e-006 4.5e-007 173337 6.26416e-007 0.132114
2.25e-006 4.6e-007 256312 6.1445e-007 5.91586
2.25e-006 4.7e-007 280882 6.26839e-007 0.309898
2.25e-006 4.8e-007 369175 6.27016e-007 0.403429
2.25e-006 4.9e-007 364047 6.14925e-007 3.89413
2.25e-006 5e-007 649720 6.14959e-007 3.39843
2.25e-006 5.1e-007 430385 6.27334e-007 1.27899
2.25e-006 5.2e-007 308395 6.15095e-007 7.67567
2.25e-006 5.3e-007 312223 6.27475e-007 1.01861
2.25e-006 5.4e-007 236966 6.27511e-007 1.36368
2.25e-006 5.5e-007 210530 6.27546e-007 0.182521
2.25e-006 5.6e-007 192221 6.27581e-007 6173.01
2.25e-006 5.7e-007 200775 6.27617e-007 0.286107
2.25e-006 5.8e-007 132585 6.15299e-007 0.175391
2.25e-006 5.9e-007 286301 6.40548e-007 1.07457
2.25e-006 6e-007 109503 6.27652e-007 0.138696
2.26e-006 4e-007 144639 6.2698e-007 4865.31
2.26e-006 4.1e-007 133584 6.27546e-007 0.128877
2.26e-006 4.2e-007 240903 6.16014e-007 0.307167
2.26e-006 4.3e-007 584706 6.41213e-007 3906.61
2.26e-006 4.4e-007 89318 6.28751e-007 0.0304051
2.26e-006 4.5e-007 142884 6.29036e-007 0.223056
2.26e-006 4.6e-007 181550 6.17073e-007 26120.1
2.26e-006 4.7e-007 268879 6.29498e-007 0.505017
2.26e-006 4.8e-007 497187 6.17415e-007 4.02394
2.26e-006 4.9e-007 808393 6.17552e-007 4.28198
2.26e-006 5e-007 443708 6.17621e-007 2.71753
2.26e-006 5.1e-007 496906 6.17689e-007 4.67352
2.26e-006 5.2e-007 70674.2 6.30068e-007 42636.8
2.26e-006 5.3e-007 454654 6.3014e-007 3.10294
2.26e-006 5.4e-007 325608 6.30211e-007 0.459815
2.26e-006 5.5e-007 256279 6.30247e-007 0.880538
2.26e-006 5.6e-007 204020 6.30282e-007 488.5
2.26e-006 5.7e-007 191614 6.30282e-007 0.266471
2.26e-006 5.8e-007 202586 6.17964e-007 0.584563
2.26e-006 5.9e-007 617892 6.3039e-007 1437.23
2.26e-006 6e-007 1.47726e+006 6.56764e-007 21946.5
2.27e-006 4e-007 197380 6.29676e-007 737.267
2.27e-006 4.1e-007 157627 6.30247e-007 0.193558
2.27e-006 4.2e-007 194121 6.30747e-007 0.605444
2.27e-006 4.3e-007 283105 6.43884e-007 0.75367
2.27e-006 4.4e-007 85491.6 6.31498e-007 0.0789235
2.27e-006 4.5e-007 143159 6.31785e-007 0.175303
2.27e-006 4.6e-007 222080 6.32036e-007 0.420358
2.27e-006 4.7e-007 226786 6.1996e-007 0.329099
2.27e-006 4.8e-007 373029 6.32431e-007 0.628079
2.27e-006 4.9e-007 454876 6.32575e-007 1.19432
2.27e-006 5e-007 319629 6.45564e-007 1.43533
2.27e-006 5.1e-007 531153 6.32791e-007 1.52372
2.27e-006 5.2e-007 551400 6.32863e-007 278708
2.27e-006 5.3e-007 147334 6.08637e-007 315837
2.27e-006 5.4e-007 236797 6.20583e-007 0.277757
2.27e-006 5.5e-007 194265 6.20617e-007 0.41538
2.27e-006 5.6e-007 179213 6.20652e-007 44965.3
2.27e-006 5.7e-007 178694 6.20686e-007 0.13865
2.27e-006 5.8e-007 193920 6.20721e-007 0.567137
2.27e-006 5.9e-007 77271.6 6.20998e-007 148.664
2.27e-006 6e-007 124211 6.16355e-007 0.115034
2.28e-006 4e-007 208863 6.32324e-007 0.432732
2.28e-006 4.1e-007 146420 6.32899e-007 0.0941169
2.28e-006 4.2e-007 116912 6.21241e-007 0.0955015
2.28e-006 4.3e-007 157851 6.34017e-007 1893.51
2.28e-006 4.4e-007 96212.2 6.10105e-007 0.0603379
2.28e-006 4.5e-007 125397 6.22178e-007 0.0887452
2.28e-006 4.6e-007 197614 6.22422e-007 2.84745
2.28e-006 4.7e-007 315408 6.22631e-007 0.501279
2.28e-006 4.8e-007 705334 6.10875e-007 1.45069
2.28e-006 4.9e-007 811661 6.2291e-007 6.83764
2.28e-006 5e-007 293184 6.35465e-007 1.0932
2.28e-006 5.1e-007 644257 6.23119e-007 1.0019
2.28e-006 5.2e-007 12493.5 6.23189e-007 6501.61
2.28e-006 5.3e-007 346985 6.23224e-007 3.13552
2.28e-006 5.4e-007 231022 6.23293e-007 0.262027
2.28e-006 5.5e-007 170896 6.23328e-007 0.627945
2.28e-006 5.6e-007 146821 6.23363e-007 97.6615
2.28e-006 5.7e-007 249109 6.11378e-007 0.440919
2.28e-006 5.8e-007 393636 6.11412e-007 0.43128
2.28e-006 5.9e-007 347275 6.23468e-007 13.162
2.28e-006 6e-007 1.33784e+006 6.49028e-007 516.219
2.29e-006 4e-007 91649.6 6.22805e-007 798.527
2.29e-006 4.1e-007 181068 6.35537e-007 0.302551
2.29e-006 4.2e-007 397596 6.12084e-007 2.2435
2.29e-006 4.3e-007 326095 6.36555e-007 0.852785
2.29e-006 4.4e-007 124518 6.12691e-007 0.106462
2.29e-006 4.5e-007 239611 6.12961e-007 0.0761361
2.29e-006 4.6e-007 311049 6.13163e-007 10796.6
2.29e-006 4.7e-007 351284 6.25254e-007 0.630473
2.29e-006 4.8e-007 546924 6.2543e-007 2.10183
2.29e-006 4.9e-007 862934 6.25571e-007 3.96822
2.29e-006 5e-007 430319 6.38161e-007 2.09797
2.29e-006 5.1e-007 597613 6.25747e-007 4.00304
2.29e-006 5.2e-007 1.36662e+006 6.1384e-007 5493.2
2.29e-006 5.3e-007 336713 6.13907e-007 1.23717
2.29e-006 5.4e-007 54477.5 6.25958e-007 186887
2.29e-006 5.5e-007 137506 6.25993e-007 0.16346
2.29e-006 5.6e-007 114102 6.26028e-007 0.250928
2.29e-006 5.7e-007 275461 6.14009e-007 0.351329
2.29e-006 5.8e-007 339783 6.14043e-007 0.94688
2.29e-006 5.9e-007 250638 6.14212e-007 3829.98
2.29e-006 6e-007 70382.1 6.38967e-007 902.786
2.3e-006 4e-007 165408 6.1367e-007 250.059
2.3e-006 4.1e-007 116956 6.25958e-007 0.113952
2.3e-006 4.2e-007 226941 6.14653e-007 0.230499
2.3e-006 4.3e-007 115310 6.39187e-007 0.130806
2.3e-006 4.4e-007 59856.4 6.15265e-007 0.0495456
2.3e-006 4.5e-007 118921 6.15537e-007 0.0761545
2.3e-006 4.6e-007 166945 6.15776e-007 1.75472
2.3e-006 4.7e-007 184616 6.27935e-007 13.4902
2.3e-006 4.8e-007 270767 6.28113e-007 0.258277
2.3e-006 4.9e-007 704038 6.16219e-007 3.28225
2.3e-006 5e-007 510829 6.28432e-007 2.04479
2.3e-006 5.1e-007 906657 6.16389e-007 4.77447
2.3e-006 5.2e-007 946834 6.16458e-007 1.59942e+006
2.3e-006 5.3e-007 424600 6.28609e-007 730.549
2.3e-006 5.4e-007 307745 6.2868e-007 4.58001
2.3e-006 5.5e-007 232053 6.28716e-007 0.257491
2.3e-006 5.6e-007 196245 6.28751e-007 0.0920309
2.3e-006 5.7e-007 240019 6.16663e-007 0.34594
2.3e-006 5.8e-007 169474 6.28787e-007 0.46864
2.3e-006 5.9e-007 389763 6.16731e-007 12.507
2.3e-006 6e-007 622001 6.41434e-007 373.177
2.31e-006 4e-007 187140 6.16253e-007 4391.51
2.31e-006 4.1e-007 160364 6.16765e-007 0.133214
2.31e-006 4.2e-007 234811 6.1721e-007 0.490176
2.31e-006 4.3e-007 220124 6.29534e-007 0.747154
2.31e-006 4.4e-007 69089.8 6.17895e-007 0.0601895
2.31e-006 4.5e-007 203779 6.1817e-007 0.48458
2.31e-006 4.6e-007 319366 6.1841e-007 1.21558
2.31e-006 4.7e-007 394160 6.18582e-007 0.914784
2.31e-006 4.8e-007 635296 6.18754e-007 1.3299
2.31e-006 4.9e-007 492545 6.30961e-007 3.09307
2.31e-006 5e-007 75075.3 6.19167e-007 746.81
2.31e-006 5.1e-007 959322 6.19064e-007 12.1026
2.31e-006 5.2e-007 697139 6.19133e-007 164.845
2.31e-006 5.3e-007 405439 6.31319e-007 128419
2.31e-006 5.4e-007 -12626.2 6.19236e-007 38897.6
2.31e-006 5.5e-007 242912 6.1927e-007 0.335639
2.31e-006 5.6e-007 198626 6.19305e-007 0.390936
2.31e-006 5.7e-007 201471 6.19339e-007 0.562278
2.31e-006 5.8e-007 235288 6.19339e-007 0.59408
2.31e-006 5.9e-007 480649 6.07772e-007 2367.83
2.31e-006 6e-007 181744 6.31749e-007 408.875
2.32e-006 4e-007 131980 6.18788e-007 0.174796
2.32e-006 4.1e-007 128917 6.19305e-007 0.113141
2.32e-006 4.2e-007 111631 6.31678e-007 0.0850381
2.32e-006 4.3e-007 113990 6.32108e-007 0.135476
2.32e-006 4.4e-007 132320 5.97815e-007 0.0331349
2.32e-006 4.5e-007 116332 6.20756e-007 0.23265
2.32e-006 4.6e-007 207460 6.20998e-007 0.148015
2.32e-006 4.7e-007 275637 6.33259e-007 192990
2.32e-006 4.8e-007 518513 6.21345e-007 2.08111
2.32e-006 4.9e-007 747082 6.21484e-007 6.33187
2.32e-006 5e-007 998490 6.21622e-007 2.18679
2.32e-006 5.1e-007 606047 6.21692e-007 2.56453
2.32e-006 5.2e-007 406127 6.21761e-007 20505.7
2.32e-006 5.3e-007 146879 6.3398e-007 4069.59
2.32e-006 5.4e-007 273413 6.21866e-007 8.35009
2.32e-006 5.5e-007 239420 6.219e-007 0.327229
2.32e-006 5.6e-007 215418 6.21935e-007 0.181542
2.32e-006 5.7e-007 236900 6.2197e-007 0.207726
2.32e-006 5.8e-007 274796 6.22005e-007 0.573355
2.32e-006 5.9e-007 833786 6.10339e-007 2.05933
2.32e-006 6e-007 199265 6.3427e-007 4.15039
2.33e-006 4e-007 196493 6.2131e-007 0.415546
2.33e-006 4.1e-007 194614 6.21831e-007 0.145653
2.33e-006 4.2e-007 232677 6.22318e-007 0.719724
2.33e-006 4.3e-007 400072 6.2277e-007 1.41381
2.33e-006 4.4e-007 127916 6.00298e-007 0.159044
2.33e-006 4.5e-007 125663 6.23328e-007 0.175849
2.33e-006 4.6e-007 181311 6.23573e-007 0.419336
2.33e-006 4.7e-007 41777.8 6.23783e-007 14253.9
2.33e-006 4.8e-007 381147 6.23957e-007 1.09224
2.33e-006 4.9e-007 561404 6.24097e-007 4.69603
2.33e-006 5e-007 255234 6.12691e-007 5.47924
2.33e-006 5.1e-007 641295 6.24307e-007 3.27667
2.33e-006 5.2e-007 883352 6.24377e-007 8.77235
2.33e-006 5.3e-007 740799 6.36664e-007 83447.7
2.33e-006 5.4e-007 47292.6 6.12758e-007 1273.21
2.33e-006 5.5e-007 322541 6.36774e-007 17374.3
2.33e-006 5.6e-007 243685 6.3681e-007 0.850635
2.33e-006 5.7e-007 344512 6.24588e-007 664148
2.33e-006 5.8e-007 250882 6.24623e-007 0.572863
2.33e-006 5.9e-007 722863 6.01564e-007 10168.4
2.33e-006 6e-007 416251 6.24763e-007 2331.08
2.34e-006 4e-007 160153 6.23817e-007 0.210604
2.34e-006 4.1e-007 140413 6.24377e-007 0.215316
2.34e-006 4.2e-007 184391 6.24868e-007 0.667624
2.34e-006 4.3e-007 275996 6.25325e-007 0.659311
2.34e-006 4.4e-007 807828 6.50355e-007 197.019
2.34e-006 4.5e-007 97824.6 6.25922e-007 0.0355561
2.34e-006 4.6e-007 174704 6.26169e-007 0.523711
2.34e-006 4.7e-007 253010 6.2638e-007 56488.2
2.34e-006 4.8e-007 353497 6.26557e-007 0.576494
2.34e-006 4.9e-007 554910 6.26733e-007 783868
2.34e-006 5e-007 629282 6.15095e-007 2.16292
2.34e-006 5.1e-007 237337 6.39297e-007 21.5334
2.34e-006 5.2e-007 753231 6.27016e-007 5.60382
2.34e-006 5.3e-007 41837.1 6.27086e-007 193064
2.34e-006 5.4e-007 388138 6.27122e-007 0.890806
2.34e-006 5.5e-007 255880 6.27192e-007 0.555203
2.34e-006 5.6e-007 185088 6.27228e-007 0.147505
2.34e-006 5.7e-007 175526 6.27228e-007 239.12
2.34e-006 5.8e-007 181648 6.27263e-007 0.256468
2.34e-006 5.9e-007 216515 6.27298e-007 0.242539
2.34e-006 6e-007 481554 6.27334e-007 3.08657
2.35e-006 4e-007 198099 6.26416e-007 0.158486
2.35e-006 4.1e-007 186485 6.2698e-007 0.578319
2.35e-006 4.2e-007 221623 6.27475e-007 0.529046
2.35e-006 4.3e-007 422685 6.16321e-007 11.9452
2.35e-006 4.4e-007 143268 6.53026e-007 0.193314
2.35e-006 4.5e-007 82502.8 6.28574e-007 0.0828356
2.35e-006 4.6e-007 210051 6.28822e-007 0.738139
2.35e-006 4.7e-007 346076 6.29036e-007 8.8726
2.35e-006 4.8e-007 185512 6.17484e-007 0.699263
2.35e-006 4.9e-007 775063 6.29391e-007 6.59416
2.35e-006 5e-007 213192 6.06415e-007 626.998
2.35e-006 5.1e-007 803988 6.41915e-007 4.99732
2.35e-006 5.2e-007 602201 6.29676e-007 1.46313
2.35e-006 5.3e-007 31065 6.17929e-007 53303.7
2.35e-006 5.4e-007 421058 6.29819e-007 1.968
2.35e-006 5.5e-007 338768 6.29854e-007 2121.42
2.35e-006 5.6e-007 276046 6.2989e-007 0.666775
2.35e-006 5.7e-007 270411 6.29926e-007 0.413615
2.35e-006 5.8e-007 211980 6.18101e-007 0.348584
2.35e-006 5.9e-007 285692 6.18135e-007 0.705549
2.35e-006 6e-007 1.31596e+006 6.18238e-007 20894.9
2.36e-006 4e-007 171037 6.28893e-007 0.563956
2.36e-006 4.1e-007 152792 6.29463e-007 801.78
2.36e-006 4.2e-007 177974 6.29997e-007 0.265871
2.36e-006 4.3e-007 201706 6.18788e-007 0.81758
2.36e-006 4.4e-007 1.08734e+006 6.43065e-007 1674.16
2.36e-006 4.5e-007 82004.6 6.19374e-007 0.0299264
2.36e-006 4.6e-007 107323 6.19615e-007 0.0544242
2.36e-006 4.7e-007 136295 6.19822e-007 637.04
2.36e-006 4.8e-007 156785 6.19995e-007 0.249728
2.36e-006 4.9e-007 17793.5 6.20133e-007 2885.95
2.36e-006 5e-007 787070 6.08836e-007 3.9885
2.36e-006 5.1e-007 410968 6.32252e-007 221.437
2.36e-006 5.2e-007 352484 6.2041e-007 0.987185
2.36e-006 5.3e-007 110927 6.09003e-007 8299.86
2.36e-006 5.4e-007 514654 6.32395e-007 3166.42
2.36e-006 5.5e-007 418408 6.32467e-007 1859.37
2.36e-006 5.6e-007 168048 6.20583e-007 0.15741
2.36e-006 5.7e-007 150634 6.20617e-007 7.16724
2.36e-006 5.8e-007 212953 6.32539e-007 0.498529
2.36e-006 5.9e-007 182511 6.20652e-007 0.52347
2.36e-006 6e-007 361365 6.20686e-007 2.18551
2.37e-006 4e-007 213967 6.31427e-007 0.356969
2.37e-006 4.1e-007 180470 6.32036e-007 389.738
2.37e-006 4.2e-007 151007 6.20894e-007 0.258735
2.37e-006 4.3e-007 230748 6.2131e-007 0.0729634
2.37e-006 4.4e-007 96656.4 6.10305e-007 0.106555
2.37e-006 4.5e-007 188017 6.10573e-007 0.0695404
2.37e-006 4.6e-007 159159 6.3398e-007 0.0978691
2.37e-006 4.7e-007 134884 6.22352e-007 1.56978
2.37e-006 4.8e-007 147271 6.22526e-007 0.16514
2.37e-006 4.9e-007 544144 6.34595e-007 2.43039
2.37e-006 5e-007 294394 6.22805e-007 1.14845
2.37e-006 5.1e-007 1.1731e+006 6.34848e-007 5.86627
2.37e-006 5.2e-007 309766 6.22979e-007 0.738213
2.37e-006 5.3e-007 441013 6.23049e-007 235.995
2.37e-006 5.4e-007 359529 6.23084e-007 110.319
2.37e-006 5.5e-007 517945 6.35102e-007 2.23336
2.37e-006 5.6e-007 215470 6.23189e-007 0.598064
2.37e-006 5.7e-007 -45717.1 6.11714e-007 20279.8
2.37e-006 5.8e-007 190432 6.23224e-007 0.303606
2.37e-006 5.9e-007 205565 6.23224e-007 0.683625
2.37e-006 6e-007 1.03454e+006 6.11781e-007 13327.4
2.38e-006 4e-007 123710 6.22387e-007 0.268122
2.38e-006 4.1e-007 123448 6.22945e-007 683.617
2.38e-006 4.2e-007 135419 6.23433e-007 0.0987216
2.38e-006 4.3e-007 539495 6.12522e-007 1.03891
2.38e-006 4.4e-007 917536 6.36118e-007 8256.67
2.38e-006 4.5e-007 106852 6.13062e-007 0.141551
2.38e-006 4.6e-007 92391.9 6.24763e-007 0.0527125
2.38e-006 4.7e-007 141396 6.24973e-007 0.18331
2.38e-006 4.8e-007 160133 6.25149e-007 0.310971
2.38e-006 4.9e-007 227132 6.25289e-007 0.213025
2.38e-006 5e-007 266746 6.2543e-007 0.395495
2.38e-006 5.1e-007 955291 6.25571e-007 8377.12
2.38e-006 5.2e-007 249628 6.25606e-007 0.347954
2.38e-006 5.3e-007 9334.77 6.25676e-007 2345.63
2.38e-006 5.4e-007 249888 6.25747e-007 118171
2.38e-006 5.5e-007 204352 6.25782e-007 62.8218
2.38e-006 5.6e-007 172280 6.25817e-007 0.333147
2.38e-006 5.7e-007 162505 6.25852e-007 0.110543
2.38e-006 5.8e-007 240990 6.1428e-007 0.496632
2.38e-006 5.9e-007 210100 6.25887e-007 0.20484
2.38e-006 6e-007 304350 6.03357e-007 9837.37
2.39e-006 4e-007 176738 6.13603e-007 0.402466
2.39e-006 4.1e-007 129266 6.2543e-007 2023.71
2.39e-006 4.2e-007 219854 6.14585e-007 0.358479
2.39e-006 4.3e-007 146995 6.26345e-007 0.240263
2.39e-006 4.4e-007 306198 6.386e-007 0.514036
2.39e-006 4.5e-007 82565.9 6.15571e-007 0.044939
2.39e-006 4.6e-007 325256 6.1581e-007 0.689805
2.39e-006 4.7e-007 518177 6.16014e-007 1.25582
2.39e-006 4.8e-007 575137 6.16185e-007 1.91494
2.39e-006 4.9e-007 207790 6.27865e-007 0.40378
2.39e-006 5e-007 653145 6.16424e-007 3.40142
2.39e-006 5.1e-007 572336 6.28113e-007 2.40875
2.39e-006 5.2e-007 283665 6.16594e-007 0.342172
2.39e-006 5.3e-007 326419 6.28254e-007 0.845333
2.39e-006 5.4e-007 48838.7 6.28325e-007 4067.05
2.39e-006 5.5e-007 279476 6.28361e-007 0.824814
2.39e-006 5.6e-007 213841 6.28396e-007 0.588151
2.39e-006 5.7e-007 181068 6.28432e-007 0.104434
2.39e-006 5.8e-007 179602 6.28432e-007 13153
2.39e-006 5.9e-007 197012 6.28467e-007 0.158444
2.39e-006 6e-007 310698 6.16868e-007 2.67998
2.4e-006 4e-007 178074 6.16014e-007 0.1411
2.4e-006 4.1e-007 127698 6.279e-007 0.0904463
2.4e-006 4.2e-007 218190 6.17039e-007 0.18843
2.4e-006 4.3e-007 271804 6.1745e-007 0.764687
2.4e-006 4.4e-007 1.30709e+006 6.29356e-007 816.722
2.4e-006 4.5e-007 96513.5 6.06977e-007 0.0737142
2.4e-006 4.6e-007 193185 6.18273e-007 0.136947
2.4e-006 4.7e-007 261404 6.18513e-007 1.0806
2.4e-006 4.8e-007 28475.7 6.30247e-007 7973.74
2.4e-006 4.9e-007 323493 6.18823e-007 0.599547
2.4e-006 5e-007 312593 6.18926e-007 0.821776
2.4e-006 5.1e-007 1.26352e+006 6.19098e-007 149.709
2.4e-006 5.2e-007 285365 6.19098e-007 0.426196
2.4e-006 5.3e-007 428981 6.30818e-007 3.23837
2.4e-006 5.4e-007 20043.3 6.19201e-007 14025.6
2.4e-006 5.5e-007 412130 6.30926e-007 2.14715
2.4e-006 5.6e-007 -31481.5 6.43065e-007 82057.5
2.4e-006 5.7e-007 215479 6.30997e-007 0.324451
2.4e-006 5.8e-007 230344 6.19339e-007 0.376216
2.4e-006 5.9e-007 273744 6.19374e-007 0.890538
2.4e-006 6e-007 381244 6.19374e-007 0.150561
2.41e-006 4e-007 183882 6.18513e-007 0.0670096
2.41e-006 4.1e-007 112714 6.3039e-007 0.114226
2.41e-006 4.2e-007 228336 6.19546e-007 0.453265
2.41e-006 4.3e-007 345586 6.1996e-007 0.467798
2.41e-006 4.4e-007 333227 6.31821e-007 1.31041
2.41e-006 4.5e-007 27533.6 6.32108e-007 0.00613269
2.41e-006 4.6e-007 276947 6.20825e-007 0.182663
2.41e-006 4.7e-007 429567 6.21033e-007 1.36764
2.41e-006 4.8e-007 290636 6.21241e-007 84784.4
2.41e-006 4.9e-007 540877 6.21379e-007 2.17048
2.41e-006 5e-007 495324 6.21484e-007 2.9147
2.41e-006 5.1e-007 767672 6.21622e-007 4.48463
2.41e-006 5.2e-007 303205 6.21657e-007 0.431658
2.41e-006 5.3e-007 356529 6.33403e-007 1.1858
2.41e-006 5.4e-007 307323 6.33475e-007 1170.72
2.41e-006 5.5e-007 288764 6.21831e-007 0.466886
2.41e-006 5.6e-007 210407 6.21866e-007 0.42736
2.41e-006 5.7e-007 214922 6.219e-007 0.297542
2.41e-006 5.8e-007 10502.6 6.21935e-007 14933.7
2.41e-006 5.9e-007 257372 6.21935e-007 0.334306
2.41e-006 6e-007 309710 6.2197e-007 0.732562
2.42e-006 4e-007 186234 6.20894e-007 0.375173
2.42e-006 4.1e-007 158525 6.21484e-007 0.353625
2.42e-006 4.2e-007 185441 6.2197e-007 0.245202
2.42e-006 4.3e-007 216814 6.22387e-007 0.170493
2.42e-006 4.4e-007 1.18005e+006 6.2284e-007 21842.6
2.42e-006 4.5e-007 41602.9 6.23084e-007 0.0112351
2.42e-006 4.6e-007 184097 6.23328e-007 0.15548
2.42e-006 4.7e-007 382067 6.23538e-007 0.31262
2.42e-006 4.8e-007 -107021 6.23713e-007 1833.12
2.42e-006 4.9e-007 586384 6.23887e-007 0.793104
2.42e-006 5e-007 557235 6.23992e-007 7.25202
2.42e-006 5.1e-007 3.06922e+006 6.12893e-007 3537.63
2.42e-006 5.2e-007 60613.5 6.36264e-007 591.442
2.42e-006 5.3e-007 275142 6.24272e-007 0.358965
2.42e-006 5.4e-007 108340 6.13028e-007 3506.84
2.42e-006 5.5e-007 191907 6.24377e-007 3.36866
2.42e-006 5.6e-007 163791 6.24412e-007 0.601802
2.42e-006 5.7e-007 170393 6.24447e-007 0.451765
2.42e-006 5.8e-007 176041 6.24447e-007 297.826
2.42e-006 5.9e-007 206050 6.24483e-007 0.219782
2.42e-006 6e-007 249000 6.24483e-007 0.327449
2.43e-006 4e-007 230018 6.23328e-007 0.393117
2.43e-006 4.1e-007 218707 6.23922e-007 0.782018
2.43e-006 4.2e-007 208619 6.24447e-007 0.545539
2.43e-006 4.3e-007 267650 6.24868e-007 0.426028
2.43e-006 4.4e-007 668965 6.25289e-007 5.37979
2.43e-006 4.5e-007 116388 6.25535e-007 0.114773
2.43e-006 4.6e-007 163534 6.25817e-007 0.153287
2.43e-006 4.7e-007 382817 6.14789e-007 0.41677
2.43e-006 4.8e-007 350809 6.26239e-007 12721.6
2.43e-006 4.9e-007 371931 6.15095e-007 1.09213
2.43e-006 5e-007 13262.3 6.26521e-007 16367.3
2.43e-006 5.1e-007 450765 6.15333e-007 1.78606
2.43e-006 5.2e-007 670251 6.38564e-007 10.0428
2.43e-006 5.3e-007 374585 6.26804e-007 0.660483
2.43e-006 5.4e-007 313046 6.0457e-007 3344.33
2.43e-006 5.5e-007 413294 6.2691e-007 1581.6
2.43e-006 5.6e-007 327319 6.26945e-007 54.743
2.43e-006 5.7e-007 292629 6.2698e-007 1.03686
2.43e-006 5.8e-007 260220 6.27016e-007 0.999496
2.43e-006 5.9e-007 283165 6.27016e-007 0.84582
2.43e-006 6e-007 312788 6.27051e-007 0.294314
2.44e-006 4e-007 191352 6.25782e-007 0.301515
2.44e-006 4.1e-007 143286 6.15299e-007 0.186247
2.44e-006 4.2e-007 196285 6.26874e-007 0.411388
2.44e-006 4.3e-007 197812 6.27334e-007 0.295451
2.44e-006 4.4e-007 1.54204e+006 6.16594e-007 23890.2
2.44e-006 4.5e-007 150697 6.16834e-007 0.217239
2.44e-006 4.6e-007 162156 6.17073e-007 0.229012
2.44e-006 4.7e-007 276189 6.17278e-007 0.260057
2.44e-006 4.8e-007 284638 6.28751e-007 7.39688
2.44e-006 4.9e-007 352978 6.28893e-007 0.362432
2.44e-006 5e-007 202467 6.17724e-007 0.302693
2.44e-006 5.1e-007 230968 6.17827e-007 0.592916
2.44e-006 5.2e-007 645855 6.41065e-007 4.28765
2.44e-006 5.3e-007 370776 6.2932e-007 0.743745
2.44e-006 5.4e-007 331730 6.29391e-007 840.105
2.44e-006 5.5e-007 424035 6.29427e-007 148700
2.44e-006 5.6e-007 161202 6.18101e-007 0.202124
2.44e-006 5.7e-007 241538 6.29498e-007 0.320827
2.44e-006 5.8e-007 207811 6.29534e-007 0.0759729
2.44e-006 5.9e-007 220553 6.1817e-007 0.291766
2.44e-006 6e-007 281388 6.29569e-007 0.57897
2.45e-006 4e-007 213662 6.28254e-007 0.957276
2.45e-006 4.1e-007 128476 6.17724e-007 0.210596
2.45e-006 4.2e-007 168769 6.29391e-007 0.208088
2.45e-006 4.3e-007 192756 6.18651e-007 0.499157
2.45e-006 4.4e-007 562342 6.19029e-007 2.60984
2.45e-006 4.5e-007 193008 6.1927e-007 0.448652
2.45e-006 4.6e-007 134569 6.19546e-007 0.20651
2.45e-006 4.7e-007 166963 6.19753e-007 15711.8
2.45e-006 4.8e-007 524636 6.31283e-007 1.64096
2.45e-006 4.9e-007 727132 6.31463e-007 5.77898
2.45e-006 5e-007 727388 6.31606e-007 1.01861
2.45e-006 5.1e-007 809489 6.31713e-007 3.00704
2.45e-006 5.2e-007 1.53062e+006 6.31857e-007 214.792
2.45e-006 5.3e-007 429270 6.31893e-007 3.83632
2.45e-006 5.4e-007 365464 6.31965e-007 26958.3
2.45e-006 5.5e-007 107825 6.32036e-007 1517.91
2.45e-006 5.6e-007 263752 6.32072e-007 2.03045
2.45e-006 5.7e-007 113902 6.20652e-007 0.274637
2.45e-006 5.8e-007 -79448.1 6.09603e-007 73819
2.45e-006 5.9e-007 152678 6.20686e-007 0.187418
2.45e-006 6e-007 220018 6.20686e-007 0.515518
2.46e-006 4e-007 266794 6.3064e-007 0.726066
2.46e-006 4.1e-007 216159 6.31283e-007 0.81092
2.46e-006 4.2e-007 183594 6.20617e-007 0.0386028
2.46e-006 4.3e-007 223180 6.21033e-007 0.417438
2.46e-006 4.4e-007 376423 6.21449e-007 1.46503
2.46e-006 4.5e-007 196713 6.21692e-007 0.133528
2.46e-006 4.6e-007 259704 6.11009e-007 0.651415
2.46e-006 4.7e-007 358068 6.22178e-007 0.771007
2.46e-006 4.8e-007 475256 6.22387e-007 2.83815
2.46e-006 4.9e-007 601652 6.22526e-007 4.15844
2.46e-006 5e-007 488531 6.22666e-007 3.05147
2.46e-006 5.1e-007 437242 6.2277e-007 4.35072
2.46e-006 5.2e-007 479907 6.34342e-007 0.672939
2.46e-006 5.3e-007 206393 6.22945e-007 0.215133
2.46e-006 5.4e-007 185514 6.22979e-007 22.7152
2.46e-006 5.5e-007 -13450.5 6.23049e-007 4443.64
2.46e-006 5.6e-007 125678 6.23084e-007 6400.41
2.46e-006 5.7e-007 115125 6.23119e-007 0.0706167
2.46e-006 5.8e-007 207371 6.34631e-007 0.455622
2.46e-006 5.9e-007 127794 6.23154e-007 0.0565788
2.46e-006 6e-007 361174 6.12084e-007 1.7338
2.47e-006 4e-007 146296 6.21935e-007 0.471215
2.47e-006 4.1e-007 141926 6.22492e-007 0.655635
2.47e-006 4.2e-007 202283 6.3427e-007 1312.46
2.47e-006 4.3e-007 180792 6.23468e-007 0.200789
2.47e-006 4.4e-007 284570 6.23852e-007 0.759469
2.47e-006 4.5e-007 166207 6.24132e-007 0.488072
2.47e-006 4.6e-007 274225 6.13434e-007 1.0563
2.47e-006 4.7e-007 248202 6.24658e-007 0.2817
2.47e-006 4.8e-007 700981 6.13806e-007 2132.8
2.47e-006 4.9e-007 279443 6.25009e-007 32.88
2.47e-006 5e-007 239926 6.25149e-007 0.228847
2.47e-006 5.1e-007 229557 6.25254e-007 0.324213
2.47e-006 5.2e-007 838549 6.25395e-007 5.70834
2.47e-006 5.3e-007 223922 6.49066e-007 628.022
2.47e-006 5.4e-007 285572 6.14348e-007 1.51575
2.47e-006 5.5e-007 169458 6.25535e-007 20716.5
2.47e-006 5.6e-007 149821 6.25571e-007 0.416635
2.47e-006 5.7e-007 136766 6.25606e-007 0.277104
2.47e-006 5.8e-007 135556 6.25641e-007 0.256492
2.47e-006 5.9e-007 167315 6.25641e-007 91843.2
2.47e-006 6e-007 228371 6.25676e-007 0.745637
2.48e-006 4e-007 155785 6.24377e-007 0.208058
2.48e-006 4.1e-007 130900 6.14077e-007 0.241496
2.48e-006 4.2e-007 157831 6.255e-007 2556.48
2.48e-006 4.3e-007 229230 6.14993e-007 0.389735
2.48e-006 4.4e-007 248789 6.26345e-007 0.2392
2.48e-006 4.5e-007 304583 6.15605e-007 0.613695
2.48e-006 4.6e-007 75638.6 6.38344e-007 0.0586691
2.48e-006 4.7e-007 218579 6.27157e-007 0.200668
2.48e-006 4.8e-007 756750 6.16253e-007 3.00768
2.48e-006 4.9e-007 325594 6.27546e-007 23421.6
2.48e-006 5e-007 724753 6.16526e-007 5.87495
2.48e-006 5.1e-007 271154 6.27794e-007 0.640613
2.48e-006 5.2e-007 315758 6.279e-007 0.91439
2.48e-006 5.3e-007 303086 6.16765e-007 0.316711
2.48e-006 5.4e-007 276962 6.16834e-007 30.7848
2.48e-006 5.5e-007 184470 6.28077e-007 408.535
2.48e-006 5.6e-007 187384 6.28113e-007 14.1513
2.48e-006 5.7e-007 164473 6.28148e-007 0.0602541
2.48e-006 5.8e-007 147566 6.28184e-007 0.0839409
2.48e-006 5.9e-007 202163 6.17005e-007 1.06505
2.48e-006 6e-007 227319 6.28219e-007 0.532416
2.49e-006 4e-007 148024 6.15878e-007 0.223738
2.49e-006 4.1e-007 142685 6.16458e-007 0.226808
2.49e-006 4.2e-007 192179 6.16936e-007 0.280251
2.49e-006 4.3e-007 133695 6.28325e-007 0.112004
2.49e-006 4.4e-007 248940 6.17724e-007 0.498425
2.49e-006 4.5e-007 191776 6.17998e-007 0.329149
2.49e-006 4.6e-007 82883.7 6.29356e-007 0.0845899
2.49e-006 4.7e-007 205862 6.29569e-007 0.103556
2.49e-006 4.8e-007 486858 6.18685e-007 1.95391
2.49e-006 4.9e-007 -87435.5 6.29961e-007 1936.58
2.49e-006 5e-007 607133 6.30104e-007 6.67059
2.49e-006 5.1e-007 607748 6.30247e-007 27.1822
2.49e-006 5.2e-007 583515 6.19201e-007 28.72
2.49e-006 5.3e-007 152240 6.42175e-007 1695.06
2.49e-006 5.4e-007 368260 6.1927e-007 418858
2.49e-006 5.5e-007 164125 6.30532e-007 11.1768
2.49e-006 5.6e-007 262743 6.19374e-007 31.78
2.49e-006 5.7e-007 220169 6.19408e-007 0.579041
2.49e-006 5.8e-007 190293 6.19443e-007 0.362938
2.49e-006 5.9e-007 12967.8 6.19443e-007 35085.8
2.49e-006 6e-007 322907 6.19477e-007 1.32361
2.5e-006 4e-007 155393 6.29071e-007 755.958
2.5e-006 4.1e-007 126236 6.29712e-007 0.100584
2.5e-006 4.2e-007 131144 6.30282e-007 0.138242
2.5e-006 4.3e-007 201602 6.19719e-007 0.355071
2.5e-006 4.4e-007 353038 6.20098e-007 1.05797
2.5e-006 4.5e-007 785343 6.3157e-007 47.2649
2.5e-006 4.6e-007 163712 6.20652e-007 0.134667
2.5e-006 4.7e-007 431385 6.20894e-007 2.45813
2.5e-006 4.8e-007 608822 6.21067e-007 2.89203
2.5e-006 4.9e-007 706185 6.21241e-007 104575
2.5e-006 5e-007 672783 6.21379e-007 4.50266
2.5e-006 5.1e-007 620547 6.21484e-007 2.25962
2.5e-006 5.2e-007 726423 6.21588e-007 4.39952
2.5e-006 5.3e-007 1.03996e+006 6.44555e-007 9.22288
2.5e-006 5.4e-007 233763 6.21692e-007 0.96502
2.5e-006 5.5e-007 221897 6.21761e-007 364.129
2.5e-006 5.6e-007 212571 6.21796e-007 456.046
2.5e-006 5.7e-007 19775.8 6.33115e-007 1512.34
2.5e-006 5.8e-007 124785 6.21866e-007 0.215099
2.5e-006 5.9e-007 162534 6.21866e-007 189.039
2.5e-006 6e-007 244737 6.219e-007 0.781538
2.51e-006 4e-007 200883 6.20583e-007 0.273933
2.51e-006 4.1e-007 149251 6.21171e-007 0.154023
2.51e-006 4.2e-007 231320 6.21692e-007 18663.6
2.51e-006 4.3e-007 272860 6.22144e-007 1.09639
2.51e-006 4.4e-007 314393 6.22526e-007 0.426485
2.51e-006 4.5e-007 460015 6.3398e-007 1.64453
2.51e-006 4.6e-007 242149 6.23119e-007 0.960764
2.51e-006 4.7e-007 325452 6.23328e-007 0.975577
2.51e-006 4.8e-007 547506 6.23538e-007 3.24354
2.51e-006 4.9e-007 32789.9 6.23713e-007 13316.4
2.51e-006 5e-007 606818 6.23852e-007 2.6754
2.51e-006 5.1e-007 727436 6.23957e-007 187.827
2.51e-006 5.2e-007 4.15373e+006 6.13197e-007 1488.57
2.51e-006 5.3e-007 164142 6.35573e-007 1565.39
2.51e-006 5.4e-007 352521 6.24167e-007 0.792601
2.51e-006 5.5e-007 373030 6.24237e-007 1.21575
2.51e-006 5.6e-007 20576.1 6.24272e-007 93956.7
2.51e-006 5.7e-007 264302 6.24307e-007 0.878247
2.51e-006 5.8e-007 194396 6.24342e-007 0.309173
2.51e-006 5.9e-007 219103 6.24377e-007 0.0726488
2.51e-006 6e-007 294961 6.24377e-007 0.334101
2.52e-006 4e-007 142449 6.2291e-007 8.01544
2.52e-006 4.1e-007 113987 6.23503e-007 0.0662331
2.52e-006 4.2e-007 152600 6.24027e-007 0.952398
2.52e-006 4.3e-007 159323 6.24483e-007 0.316185
2.52e-006 4.4e-007 226439 6.24903e-007 0.19662
2.52e-006 4.5e-007 779932 6.25254e-007 8.61111
2.52e-006 4.6e-007 264898 6.255e-007 0.198733
2.52e-006 4.7e-007 302477 6.14925e-007 0.693365
2.52e-006 4.8e-007 627126 6.15129e-007 3.59608
2.52e-006 4.9e-007 927322 6.26099e-007 11240.7
2.52e-006 5e-007 904246 6.15401e-007 7.24147
2.52e-006 5.1e-007 1.20064e+006 6.2638e-007 161087
2.52e-006 5.2e-007 715206 6.15605e-007 6.39129
2.52e-006 5.3e-007 821461 6.37905e-007 5.82608
2.52e-006 5.4e-007 394521 6.26627e-007 2.30076
2.52e-006 5.5e-007 322878 6.26663e-007 0.409779
2.52e-006 5.6e-007 284969 6.26698e-007 666.276
2.52e-006 5.7e-007 13312.4 6.26733e-007 8104.88
2.52e-006 5.8e-007 150656 6.26768e-007 0.0933139
2.52e-006 5.9e-007 152434 6.26804e-007 0.114637
2.52e-006 6e-007 197603 6.26839e-007 0.478806
2.53e-006 4e-007 276158 6.25219e-007 37225.5
2.53e-006 4.1e-007 138952 6.25852e-007 0.134929
2.53e-006 4.2e-007 189138 6.26416e-007 0.664979
2.53e-006 4.3e-007 191921 6.26874e-007 0.109265
2.53e-006 4.4e-007 313588 6.16526e-007 0.487025
2.53e-006 4.5e-007 547687 6.27652e-007 2.63372
2.53e-006 4.6e-007 427904 6.17073e-007 1.79926
2.53e-006 4.7e-007 408538 6.17278e-007 1.9959
2.53e-006 4.8e-007 470965 6.28361e-007 1.39265
2.53e-006 4.9e-007 652242 6.28538e-007 4.14946
2.53e-006 5e-007 652317 6.2868e-007 1.11298
2.53e-006 5.1e-007 498996 6.17895e-007 38.5753
2.53e-006 5.2e-007 454307 6.17998e-007 1.12714
2.53e-006 5.3e-007 116734 6.29178e-007 4884.42
2.53e-006 5.4e-007 159141 6.18101e-007 0.229527
2.53e-006 5.5e-007 -28953.1 6.29107e-007 251019
2.53e-006 5.6e-007 -10065.9 6.29178e-007 21879.7
2.53e-006 5.7e-007 348403 6.29213e-007 14.0444
2.53e-006 5.8e-007 206677 6.29213e-007 0.35168
2.53e-006 5.9e-007 194908 6.29249e-007 0.322731
2.53e-006 6e-007 260681 6.29285e-007 44560
2.54e-006 4e-007 217449 6.27581e-007 3.8142
2.54e-006 4.1e-007 126296 6.28219e-007 0.131618
2.54e-006 4.2e-007 185047 6.28751e-007 0.167142
2.54e-006 4.3e-007 206382 6.29249e-007 0.264689
2.54e-006 4.4e-007 254875 6.18857e-007 0.170964
2.54e-006 4.5e-007 1.49387e+006 6.19236e-007 196.547
2.54e-006 4.6e-007 275098 6.30282e-007 0.653296
2.54e-006 4.7e-007 280397 6.1965e-007 0.579356
2.54e-006 4.8e-007 34623.4 6.19857e-007 59239.1
2.54e-006 4.9e-007 595587 6.30961e-007 2.40711
2.54e-006 5e-007 590697 6.31104e-007 27.7078
2.54e-006 5.1e-007 583374 6.20271e-007 63682.1
2.54e-006 5.2e-007 466774 6.20375e-007 0.924234
2.54e-006 5.3e-007 928406 6.31463e-007 3.5801
2.54e-006 5.4e-007 224193 6.31498e-007 0.420798
2.54e-006 5.5e-007 194840 6.20548e-007 0.474366
2.54e-006 5.6e-007 -55961.2 6.09937e-007 54434.6
2.54e-006 5.7e-007 -6443.79 6.20617e-007 4046.67
2.54e-006 5.8e-007 168141 6.31678e-007 0.113729
2.54e-006 5.9e-007 141005 6.31713e-007 0.406042
2.54e-006 6e-007 132202 6.20686e-007 0.188444
2.55e-006 4e-007 207779 6.29961e-007 0.337981
2.55e-006 4.1e-007 66371.5 6.19857e-007 0.041219
2.55e-006 4.2e-007 165121 6.3114e-007 0.310661
2.55e-006 4.3e-007 113932 6.20825e-007 0.189652
2.55e-006 4.4e-007 222515 6.32072e-007 0.37502
2.55e-006 4.5e-007 385826 6.21553e-007 1.11517
2.55e-006 4.6e-007 527755 6.11277e-007 1.91889
2.55e-006 4.7e-007 48982 6.33043e-007 0.0227684
2.55e-006 4.8e-007 448021 6.22248e-007 1.17124
2.55e-006 4.9e-007 735384 6.22422e-007 3.56849
2.55e-006 5e-007 29032.3 6.33583e-007 37296.7
2.55e-006 5.1e-007 1.11499e+006 6.12051e-007 163.984
2.55e-006 5.2e-007 680787 6.2277e-007 5.70301
2.55e-006 5.3e-007 134713 6.23084e-007 6769.72
2.55e-006 5.4e-007 242825 6.2291e-007 1.33183
2.55e-006 5.5e-007 194507 6.22979e-007 13301.7
2.55e-006 5.6e-007 175556 6.23014e-007 6559.16
2.55e-006 5.7e-007 149911 6.23049e-007 93.2911
2.55e-006 5.8e-007 112281 6.23084e-007 0.0506561
2.55e-006 5.9e-007 182936 6.34197e-007 0.173264
2.55e-006 6e-007 123702 6.23119e-007 2256.16
2.56e-006 4e-007 168304 6.32252e-007 0.331135
2.56e-006 4.1e-007 98728.8 6.22178e-007 0.0230943
2.56e-006 4.2e-007 150212 6.33511e-007 0.24981
2.56e-006 4.3e-007 156330 6.23189e-007 0.12968
2.56e-006 4.4e-007 201429 6.23573e-007 0.164501
2.56e-006 4.5e-007 357382 6.23922e-007 3.12073
2.56e-006 4.6e-007 300018 6.24202e-007 0.647045
2.56e-006 4.7e-007 154284 6.35392e-007 0.0917867
2.56e-006 4.8e-007 475125 6.24623e-007 0.956141
2.56e-006 4.9e-007 683599 6.14145e-007 298.164
2.56e-006 5e-007 897066 6.24973e-007 221.347
2.56e-006 5.1e-007 768228 6.25079e-007 4.39215
2.56e-006 5.2e-007 529636 6.25184e-007 2.71139
2.56e-006 5.3e-007 931542 6.25289e-007 3.05742
2.56e-006 5.4e-007 581265 6.48007e-007 7661.39
2.56e-006 5.5e-007 202961 6.25395e-007 465.485
2.56e-006 5.6e-007 190769 6.2543e-007 22.3878
2.56e-006 5.7e-007 33656.9 6.14755e-007 2204.28
2.56e-006 5.8e-007 145943 6.255e-007 0.1245
2.56e-006 5.9e-007 159354 6.36628e-007 0.241949
2.56e-006 6e-007 139515 6.25535e-007 5227.16
2.57e-006 4e-007 111162 6.23852e-007 0.113841
2.57e-006 4.1e-007 157979 6.35247e-007 0.0980926
2.57e-006 4.2e-007 148903 6.14518e-007 0.136404
2.57e-006 4.3e-007 120228 6.25465e-007 0.0730303
2.57e-006 4.4e-007 384931 6.15333e-007 1.01217
2.57e-006 4.5e-007 416765 6.26239e-007 2.47065
2.57e-006 4.6e-007 443375 6.15878e-007 1.58448
2.57e-006 4.7e-007 373379 6.26804e-007 0.279314
2.57e-006 4.8e-007 674808 6.16321e-007 4.00945
2.57e-006 4.9e-007 745017 6.27192e-007 1.70381
2.57e-006 5e-007 696791 6.27334e-007 205846
2.57e-006 5.1e-007 595155 6.16731e-007 2.88066
2.57e-006 5.2e-007 565729 6.16834e-007 2.1695
2.57e-006 5.3e-007 171756 6.17107e-007 3817.5
2.57e-006 5.4e-007 324303 6.16936e-007 1.66397
2.57e-006 5.5e-007 -37224.3 6.17005e-007 405366
2.57e-006 5.6e-007 324812 6.17039e-007 1192.45
2.57e-006 5.7e-007 -22542.8 6.39004e-007 7026.76
2.57e-006 5.8e-007 296735 6.3904e-007 29864
2.57e-006 5.9e-007 79714.6 6.17107e-007 0.0364219
2.57e-006 6e-007 -16221 6.17141e-007 51065.2
2.58e-006 4e-007 153149 6.15707e-007 14.6674
2.58e-006 4.1e-007 70629.7 6.26768e-007 0.0475903
2.58e-006 4.2e-007 74365.3 6.27334e-007 0.0854569
2.58e-006 4.3e-007 113038 6.27829e-007 149.866
2.58e-006 4.4e-007 255121 6.17655e-007 0.146799
2.58e-006 4.5e-007 283378 6.28609e-007 1.81549
2.58e-006 4.6e-007 333742 6.18238e-007 0.163965
2.58e-006 4.7e-007 87280.9 6.18548e-007 8.4968
2.58e-006 4.8e-007 801968 6.18651e-007 5.37941
2.58e-006 4.9e-007 1.22875e+006 6.18823e-007 7.60872
2.58e-006 5e-007 -60341.6 6.29712e-007 6185.51
2.58e-006 5.1e-007 1.36788e+006 6.19098e-007 8.42426
2.58e-006 5.2e-007 676703 6.29961e-007 174.352
2.58e-006 5.3e-007 1.56736e+006 6.19305e-007 75.5525
2.58e-006 5.4e-007 181937 6.41434e-007 392.455
2.58e-006 5.5e-007 265197 6.19374e-007 204.414
2.58e-006 5.6e-007 183268 6.30211e-007 0.449967
2.58e-006 5.7e-007 -37496.4 6.19443e-007 96736.5
2.58e-006 5.8e-007 215282 6.19477e-007 0.754082
2.58e-006 5.9e-007 83337.7 6.19512e-007 0.0280356
2.58e-006 6e-007 157260 6.19512e-007 3832.36
2.59e-006 4e-007 241927 6.17998e-007 0.813174
2.59e-006 4.1e-007 170595 6.18616e-007 0.446911
2.59e-006 4.2e-007 137024 6.19133e-007 0.0496579
2.59e-006 4.3e-007 187831 6.19581e-007 0.234548
2.59e-006 4.4e-007 241209 6.19995e-007 0.834636
2.59e-006 4.5e-007 478199 6.20306e-007 2.35303
2.59e-006 4.6e-007 337407 6.31355e-007 3.32764e+006
2.59e-006 4.7e-007 339364 6.2086e-007 1.01633
2.59e-006 4.8e-007 573567 6.21033e-007 0.545272
2.59e-006 4.9e-007 827639 6.21206e-007 4.11804
2.59e-006 5e-007 36694.4 6.21345e-007 14185.5
2.59e-006 5.1e-007 1.05122e+006 6.21484e-007 6.9553
2.59e-006 5.2e-007 14645.1 6.32395e-007 30873.4
2.59e-006 5.3e-007 185623 6.11445e-007 3547.53
2.59e-006 5.4e-007 749150 6.43772e-007 8.02286
2.59e-006 5.5e-007 373943 6.21761e-007 1.29381
2.59e-006 5.6e-007 347199 6.21831e-007 0.795427
2.59e-006 5.7e-007 372393 6.21866e-007 3101.37
2.59e-006 5.8e-007 183026 6.32755e-007 37060.7
2.59e-006 5.9e-007 183867 6.219e-007 0.0184771
2.59e-006 6e-007 221986 6.21935e-007 0.183102
2.6e-006 4e-007 129354 6.30747e-007 0.170483
2.6e-006 4.1e-007 113625 6.20825e-007 0.111757
2.6e-006 4.2e-007 72634.2 6.21379e-007 0.0391635
2.6e-006 4.3e-007 122234 6.21831e-007 281.906
2.6e-006 4.4e-007 233823 6.22248e-007 0.348046
2.6e-006 4.5e-007 375558 6.22596e-007 1.39406
2.6e-006 4.6e-007 1.02824e+006 6.33692e-007 6.30583
2.6e-006 4.7e-007 459847 6.12724e-007 16.3261
2.6e-006 4.8e-007 515286 6.23328e-007 1.32716
2.6e-006 4.9e-007 830325 6.23503e-007 2.32819
2.6e-006 5e-007 29244.5 6.23643e-007 28041.8
2.6e-006 5.1e-007 880271 6.23783e-007 3.23537
2.6e-006 5.2e-007 696520 6.23887e-007 65.5831
2.6e-006 5.3e-007 2.26e+006 6.13501e-007 54.2185
2.6e-006 5.4e-007 727049 6.3503e-007 5609.19
2.6e-006 5.5e-007 299577 6.24097e-007 0.388828
2.6e-006 5.6e-007 258621 6.24132e-007 0.0747992
2.6e-006 5.7e-007 120779 6.13637e-007 3189.78
2.6e-006 5.8e-007 266933 6.24202e-007 12598.2
2.6e-006 5.9e-007 118109 6.24237e-007 0.208026
2.6e-006 6e-007 93899.4 6.24237e-007 0.0505748
2.61e-006 4e-007 209239 6.22492e-007 0.0809007
2.61e-006 4.1e-007 137025 6.23119e-007 0.211022
2.61e-006 4.2e-007 96478.9 6.23678e-007 0.0874956
2.61e-006 4.3e-007 263331 6.24167e-007 101073
2.61e-006 4.4e-007 277294 6.24553e-007 0.355862
2.61e-006 4.5e-007 329033 6.14551e-007 1.12222
2.61e-006 4.6e-007 522807 6.36009e-007 0.714214
2.61e-006 4.7e-007 407975 6.15061e-007 3.13328
2.61e-006 4.8e-007 533992 6.25676e-007 3.93443
2.61e-006 4.9e-007 447032 6.15401e-007 5.28116
2.61e-006 5e-007 1.16965e+006 6.26028e-007 15048.8
2.61e-006 5.1e-007 893502 6.26134e-007 1.74119
2.61e-006 5.2e-007 -46349.8 6.26239e-007 444164
2.61e-006 5.3e-007 526954 6.15844e-007 2.46522
2.61e-006 5.4e-007 1.87378e+006 6.37357e-007 25.9496
2.61e-006 5.5e-007 202318 6.15946e-007 0.154755
2.61e-006 5.6e-007 334731 6.26521e-007 2.23945
2.61e-006 5.7e-007 321359 6.26557e-007 6863.75
2.61e-006 5.8e-007 307737 6.26592e-007 63846.6
2.61e-006 5.9e-007 206822 6.26627e-007 0.276796
2.61e-006 6e-007 100342 6.26627e-007 0.0828873
2.62e-006 4e-007 223634 6.24763e-007 0.0711082
2.62e-006 4.1e-007 167053 6.25395e-007 0.155881
2.62e-006 4.2e-007 86653.9 6.25958e-007 0.031958
2.62e-006 4.3e-007 136670 6.26451e-007 7.22237
2.62e-006 4.4e-007 205968 6.26874e-007 0.559912
2.62e-006 4.5e-007 224103 6.27228e-007 0.494809
2.62e-006 4.6e-007 1.15275e+006 6.27581e-007 53.7225
2.62e-006 4.7e-007 545492 6.07242e-007 3.45113
2.62e-006 4.8e-007 265603 6.17552e-007 0.409101
2.62e-006 4.9e-007 503811 6.17724e-007 0.913944
2.62e-006 5e-007 97388.8 6.17861e-007 684750
2.62e-006 5.1e-007 1.9318e+006 6.28503e-007 42.2995
2.62e-006 5.2e-007 1.41328e+006 6.28609e-007 15.1892
2.62e-006 5.3e-007 624043 6.1817e-007 1.71321
2.62e-006 5.4e-007 134718 6.28965e-007 4195.17
2.62e-006 5.5e-007 265045 6.18273e-007 0.269063
2.62e-006 5.6e-007 255321 6.18307e-007 0.913063
2.62e-006 5.7e-007 268862 6.28929e-007 41.3639
2.62e-006 5.8e-007 280154 6.28965e-007 12038
2.62e-006 5.9e-007 231960 6.29e-007 0.439122
2.62e-006 6e-007 102953 6.29e-007 0.215748
2.63e-006 4e-007 252525 6.2698e-007 0.242672
2.63e-006 4.1e-007 177939 6.27652e-007 2068.2
2.63e-006 4.2e-007 103491 6.28219e-007 0.0984422
2.63e-006 4.3e-007 116143 6.28716e-007 0.146699
2.63e-006 4.4e-007 200497 6.29178e-007 0.218494
2.63e-006 4.5e-007 310232 6.29534e-007 1.07368
2.63e-006 4.6e-007 619561 6.29854e-007 2.02857
2.63e-006 4.7e-007 311776 6.30104e-007 0.998286
2.63e-006 4.8e-007 211014 6.19788e-007 0.705117
2.63e-006 4.9e-007 -781956 6.1996e-007 6.3633e+006
2.63e-006 5e-007 588220 6.20133e-007 3745.16
2.63e-006 5.1e-007 940451 6.20237e-007 5.95892
2.63e-006 5.2e-007 506731 6.30961e-007 0.688469
2.63e-006 5.3e-007 696079 6.20444e-007 3.8096
2.63e-006 5.4e-007 907891 6.3114e-007 11.092
2.63e-006 5.5e-007 219750 6.20548e-007 0.660295
2.63e-006 5.6e-007 338310 6.31248e-007 3.10189
2.63e-006 5.7e-007 350677 6.31283e-007 1.12618
2.63e-006 5.8e-007 402863 6.10406e-007 23707.5
2.63e-006 5.9e-007 37077.2 6.42397e-007 1622.46
2.63e-006 6e-007 123673 6.31391e-007 0.0576428
2.64e-006 4e-007 215677 6.29249e-007 0.423169
2.64e-006 4.1e-007 169095 6.29926e-007 1414.28
2.64e-006 4.2e-007 71783.5 6.20168e-007 0.0407097
2.64e-006 4.3e-007 88311.5 6.20617e-007 3.07075
2.64e-006 4.4e-007 187825 6.31463e-007 0.264073
2.64e-006 4.5e-007 266644 6.21379e-007 0.450477
2.64e-006 4.6e-007 864028 6.21727e-007 1.63296
2.64e-006 4.7e-007 282992 6.219e-007 0.973281
2.64e-006 4.8e-007 368338 6.32683e-007 1.23024
2.64e-006 4.9e-007 434173 6.22283e-007 1.4281
2.64e-006 5e-007 514589 6.22457e-007 2.00238
2.64e-006 5.1e-007 -30757.8 6.33187e-007 123875
2.64e-006 5.2e-007 492521 6.22701e-007 1.90048
2.64e-006 5.3e-007 514914 6.2277e-007 0.669064
2.64e-006 5.4e-007 195938 6.23014e-007 4189.09
2.64e-006 5.5e-007 226622 6.2291e-007 0.273539
2.64e-006 5.6e-007 9991.91 6.22945e-007 4737.54
2.64e-006 5.7e-007 266205 6.22979e-007 6.94673
2.64e-006 5.8e-007 -40672.3 6.12691e-007 67101
2.64e-006 5.9e-007 305595 6.23049e-007 1.54334
2.64e-006 6e-007 117119 6.33728e-007 0.107056
2.65e-006 4e-007 147442 6.21241e-007 0.0551377
2.65e-006 4.1e-007 128104 6.21866e-007 5720
2.65e-006 4.2e-007 121155 6.1232e-007 0.14042
2.65e-006 4.3e-007 252656 6.12758e-007 63644.1
2.65e-006 4.4e-007 184722 6.33764e-007 0.0760503
2.65e-006 4.5e-007 569606 6.13468e-007 2.25092
2.65e-006 4.6e-007 5.64057e+006 6.13806e-007 6.47342e+006
2.65e-006 4.7e-007 678605 6.13975e-007 2.86173
2.65e-006 4.8e-007 54524 6.24553e-007 37.6192
2.65e-006 4.9e-007 396852 6.24623e-007 0.270289
2.65e-006 5e-007 632005 6.14484e-007 891.921
2.65e-006 5.1e-007 652931 6.24903e-007 2367.31
2.65e-006 5.2e-007 524246 6.25009e-007 2.02741
2.65e-006 5.3e-007 487565 6.25114e-007 1.6625
2.65e-006 5.4e-007 829451 6.25219e-007 3.63184
2.65e-006 5.5e-007 3.23773e+006 6.47103e-007 131110
2.65e-006 5.6e-007 214036 6.25289e-007 15.0628
2.65e-006 5.7e-007 223349 6.25325e-007 0.432923
2.65e-006 5.8e-007 33014.8 6.14993e-007 19232.6
2.65e-006 5.9e-007 -7752.03 6.36082e-007 2857.77
2.65e-006 6e-007 164490 6.36118e-007 0.161426
2.66e-006 4e-007 121246 6.23433e-007 0.192684
2.66e-006 4.1e-007 213087 6.14009e-007 0.421169
2.66e-006 4.2e-007 104339 6.24658e-007 0.0623925
2.66e-006 4.3e-007 62268.5 6.25114e-007 0.0277542
2.66e-006 4.4e-007 125620 6.25571e-007 0.123279
2.66e-006 4.5e-007 209694 6.25922e-007 0.287949
2.66e-006 4.6e-007 843446 6.16014e-007 15.7059
2.66e-006 4.7e-007 282985 6.16219e-007 0.27433
2.66e-006 4.8e-007 301236 6.26733e-007 0.750251
2.66e-006 4.9e-007 366339 6.16594e-007 1.49475
2.66e-006 5e-007 427426 6.16731e-007 3.62617
2.66e-006 5.1e-007 572043 6.16868e-007 3.9339
2.66e-006 5.2e-007 627156 6.1697e-007 1.67406
2.66e-006 5.3e-007 716568 6.27404e-007 4.15442
2.66e-006 5.4e-007 707000 6.27511e-007 3.97231
2.66e-006 5.5e-007 355737 6.17176e-007 0.613349
2.66e-006 5.6e-007 225934 6.27617e-007 0.23766
2.66e-006 5.7e-007 211263 6.27652e-007 0.173933
2.66e-006 5.8e-007 -15109.4 6.27688e-007 25991.7
2.66e-006 5.9e-007 450330 6.17313e-007 99.2958
2.66e-006 6e-007 200205 6.17347e-007 0.464438
2.67e-006 4e-007 188946 6.25606e-007 0.213154
2.67e-006 4.1e-007 172104 6.26275e-007 0.244479
2.67e-006 4.2e-007 220599 6.16731e-007 0.278039
2.67e-006 4.3e-007 69872 6.37868e-007 0.0328717
2.67e-006 4.4e-007 285033 6.17587e-007 0.524494
2.67e-006 4.5e-007 552049 6.17929e-007 2.83327
2.67e-006 4.6e-007 1.1192e+006 6.18238e-007 11.1738
2.67e-006 4.7e-007 521150 6.18445e-007 4.22423
2.67e-006 4.8e-007 113442 6.18754e-007 140.739
2.67e-006 4.9e-007 739882 6.18857e-007 5.77755
2.67e-006 5e-007 747751 6.18995e-007 5.7925
2.67e-006 5.1e-007 840063 6.19133e-007 8181.9
2.67e-006 5.2e-007 601301 6.19236e-007 2.10055
2.67e-006 5.3e-007 624732 6.29712e-007 14.2124
2.67e-006 5.4e-007 872101 6.19408e-007 57.7676
2.67e-006 5.5e-007 470304 6.4077e-007 1549.25
2.67e-006 5.6e-007 265236 6.2989e-007 0.459191
2.67e-006 5.7e-007 269154 6.29961e-007 0.744224
2.67e-006 5.8e-007 214616 5.99748e-007 4688.87
2.67e-006 5.9e-007 39205.8 6.30033e-007 823.605
2.67e-006 6e-007 227280 6.19615e-007 0.357458
2.68e-006 4e-007 242561 6.17758e-007 0.191094
2.68e-006 4.1e-007 145672 6.28503e-007 0.129986
2.68e-006 4.2e-007 228371 6.18926e-007 0.49214
2.68e-006 4.3e-007 69585.7 6.40143e-007 0.0434736
2.68e-006 4.4e-007 209399 6.19788e-007 0.0620756
2.68e-006 4.5e-007 356329 6.20168e-007 0.512315
2.68e-006 4.6e-007 520924 6.20479e-007 0.925393
2.68e-006 4.7e-007 295233 6.20686e-007 735.779
2.68e-006 4.8e-007 808291 6.20929e-007 2.78945
2.68e-006 4.9e-007 357677 6.21102e-007 1.21515
2.68e-006 5e-007 393045 6.31678e-007 19183.5
2.68e-006 5.1e-007 562089 6.31821e-007 3198.01
2.68e-006 5.2e-007 502018 6.21484e-007 2.07313
2.68e-006 5.3e-007 557628 6.21588e-007 2.12252
2.68e-006 5.4e-007 742678 6.21692e-007 2.25789
2.68e-006 5.5e-007 1.55525e+006 6.43028e-007 20.3057
2.68e-006 5.6e-007 245320 6.21761e-007 0.250542
2.68e-006 5.7e-007 290808 6.21796e-007 0.817453
2.68e-006 5.8e-007 307770 6.21831e-007 3843.71
2.68e-006 5.9e-007 360732 6.21866e-007 87755.9
2.68e-006 6e-007 299595 6.219e-007 0.21061
2.69e-006 4e-007 152985 6.30104e-007 0.404755
2.69e-006 4.1e-007 291708 6.20617e-007 8.40542
2.69e-006 4.2e-007 299973 6.21171e-007 1.43676
2.69e-006 4.3e-007 49675.2 6.21657e-007 0.00915464
2.69e-006 4.4e-007 308250 6.22074e-007 0.705766
2.69e-006 4.5e-007 501551 6.22422e-007 2.01972
2.69e-006 4.6e-007 567940 6.22735e-007 4.52543
2.69e-006 4.7e-007 2.21354e+006 6.33439e-007 58719.9
2.69e-006 4.8e-007 321978 6.13265e-007 112.528
2.69e-006 4.9e-007 427953 6.23398e-007 2.9217
2.69e-006 5e-007 488144 6.23573e-007 0.585768
2.69e-006 5.1e-007 -23803.5 6.23713e-007 15256
2.69e-006 5.2e-007 627035 6.23817e-007 3.74149
2.69e-006 5.3e-007 688559 6.34378e-007 2.54198
2.69e-006 5.4e-007 704352 6.1384e-007 71.7715
2.69e-006 5.5e-007 360528 6.34667e-007 1446.18
2.69e-006 5.6e-007 308214 6.24097e-007 1.08432
2.69e-006 5.7e-007 326972 6.24132e-007 0.7395
2.69e-006 5.8e-007 334975 6.24167e-007 92.981
2.69e-006 5.9e-007 108102 6.24167e-007 16726.8
2.69e-006 6e-007 457709 6.24202e-007 1.30993
2.7e-006 4e-007 225087 6.22109e-007 0.226577
2.7e-006 4.1e-007 189813 6.2277e-007 0.533785
2.7e-006 4.2e-007 237203 6.23328e-007 0.199508
2.7e-006 4.3e-007 39533.5 6.23817e-007 0.0159344
2.7e-006 4.4e-007 144870 6.24237e-007 51.5097
2.7e-006 4.5e-007 308983 6.24623e-007 0.860289
2.7e-006 4.6e-007 551035 6.14925e-007 2.4386
2.7e-006 4.7e-007 454607 6.35646e-007 2.24511
2.7e-006 4.8e-007 934204 6.15367e-007 5.14393
2.7e-006 4.9e-007 434775 6.15537e-007 1.49705
2.7e-006 5e-007 458133 6.25782e-007 73035.9
2.7e-006 5.1e-007 647058 6.25922e-007 4138.37
2.7e-006 5.2e-007 353259 6.15912e-007 2.70383
2.7e-006 5.3e-007 -29699.2 6.26134e-007 3523.64
2.7e-006 5.4e-007 403113 6.16082e-007 0.843151
2.7e-006 5.5e-007 965817 6.36846e-007 18.9042
2.7e-006 5.6e-007 276072 6.26345e-007 0.396101
2.7e-006 5.7e-007 294914 6.2638e-007 36.9394
2.7e-006 5.8e-007 288582 6.26416e-007 2.13864
2.7e-006 5.9e-007 63133 6.26451e-007 1.52671e+006
2.7e-006 6e-007 386571 6.26451e-007 9.15666
2.71e-006 4e-007 256312 6.24307e-007 0.165696
2.71e-006 4.1e-007 245963 6.24973e-007 0.480641
2.71e-006 4.2e-007 310916 6.25535e-007 2.09746
2.71e-006 4.3e-007 87206.9 6.26063e-007 0.0780142
2.71e-006 4.4e-007 66503.2 6.26486e-007 6029.26
2.71e-006 4.5e-007 383804 6.26874e-007 2.61472
2.71e-006 4.6e-007 394647 6.27192e-007 6.7788
2.71e-006 4.7e-007 1.63006e+006 6.27546e-007 27114
2.71e-006 4.8e-007 552969 6.07806e-007 5493.74
2.71e-006 4.9e-007 263872 6.38417e-007 72.444
2.71e-006 5e-007 490811 6.28077e-007 59.3461
2.71e-006 5.1e-007 618878 6.28219e-007 11.2745
2.71e-006 5.2e-007 513838 6.28325e-007 4.19112
2.71e-006 5.3e-007 554078 6.28432e-007 6.57271
2.71e-006 5.4e-007 633140 6.0847e-007 12.8463
2.71e-006 5.5e-007 124886 6.28787e-007 1887.26
2.71e-006 5.6e-007 171424 6.1841e-007 0.23354
2.71e-006 5.7e-007 -6965.2 6.2868e-007 4789.66
2.71e-006 5.8e-007 300124 6.28716e-007 0.705434
2.71e-006 5.9e-007 165672 6.28751e-007 1.70308e+006
2.71e-006 6e-007 385014 6.18548e-007 19.5265
2.72e-006 4e-007 226582 6.26486e-007 0.728766
2.72e-006 4.1e-007 232102 6.27157e-007 0.355668
2.72e-006 4.2e-007 313188 6.27758e-007 0.985144
2.72e-006 4.3e-007 181739 6.18273e-007 0.284177
2.72e-006 4.4e-007 149565 6.18685e-007 8.03714
2.72e-006 4.5e-007 308799 6.19029e-007 0.84456
2.72e-006 4.6e-007 313539 6.19339e-007 34401.6
2.72e-006 4.7e-007 1.30843e+006 6.29747e-007 70.5308
2.72e-006 4.8e-007 1.32338e+006 6.10004e-007 13.0882
2.72e-006 4.9e-007 500686 6.40733e-007 2.68476
2.72e-006 5e-007 393870 6.30354e-007 0.674181
2.72e-006 5.1e-007 719246 6.30497e-007 8.72978
2.72e-006 5.2e-007 660225 6.30604e-007 1180.37
2.72e-006 5.3e-007 -85272.5 6.20513e-007 85757.1
2.72e-006 5.4e-007 610826 6.30818e-007 1.40559
2.72e-006 5.5e-007 831090 6.3089e-007 70.9055
2.72e-006 5.6e-007 833635 6.52605e-007 71486.6
2.72e-006 5.7e-007 229149 6.20721e-007 13.6956
2.72e-006 5.8e-007 263300 6.20756e-007 0.77189
2.72e-006 5.9e-007 -28303.8 6.10774e-007 5667.43
2.72e-006 6e-007 427624 6.2079e-007 1554.72
2.73e-006 4e-007 214941 6.28645e-007 0.0906505
2.73e-006 4.1e-007 201235 6.19408e-007 0.327789
2.73e-006 4.2e-007 227297 6.1996e-007 0.355883
2.73e-006 4.3e-007 220283 6.20444e-007 0.774326
2.73e-006 4.4e-007 80883.5 6.2086e-007 19271.6
2.73e-006 4.5e-007 280350 6.31319e-007 1.3246
2.73e-006 4.6e-007 324819 6.21553e-007 0.839942
2.73e-006 4.7e-007 1.40344e+006 6.21831e-007 7174.91
2.73e-006 4.8e-007 272565 6.22039e-007 0.223002
2.73e-006 4.9e-007 465116 6.32467e-007 22.4653
2.73e-006 5e-007 229418 6.22387e-007 250.477
2.73e-006 5.1e-007 282324 6.22526e-007 1.0967
2.73e-006 5.2e-007 308702 6.22631e-007 2.91229
2.73e-006 5.3e-007 351114 6.22735e-007 1.34356
2.73e-006 5.4e-007 341708 6.22805e-007 1.31211
2.73e-006 5.5e-007 68956.1 6.23084e-007 1111.4
2.73e-006 5.6e-007 189526 6.2291e-007 0.0890609
2.73e-006 5.7e-007 996597 6.22945e-007 1.33005e+007
2.73e-006 5.8e-007 252138 6.23014e-007 0.564436
2.73e-006 5.9e-007 303897 6.23049e-007 54061.7
2.73e-006 6e-007 -7259.29 6.33367e-007 11366.3
2.74e-006 4e-007 167398 6.20894e-007 0.24333
2.74e-006 4.1e-007 192504 6.21553e-007 0.314985
2.74e-006 4.2e-007 258226 6.32144e-007 21803.8
2.74e-006 4.3e-007 169446 6.22631e-007 0.586194
2.74e-006 4.4e-007 128240 6.13231e-007 9.36348
2.74e-006 4.5e-007 479129 6.13569e-007 1.12204
2.74e-006 4.6e-007 505065 6.23748e-007 4.02807
2.74e-006 4.7e-007 1.66963e+006 6.24027e-007 40.0898
2.74e-006 4.8e-007 1.0135e+006 6.14314e-007 14.9779
2.74e-006 4.9e-007 687995 6.34667e-007 6.07436
2.74e-006 5e-007 764418 6.14653e-007 86421.8
2.74e-006 5.1e-007 518356 6.34993e-007 1.54242
2.74e-006 5.2e-007 344859 6.24868e-007 1191.83
2.74e-006 5.3e-007 345683 6.24973e-007 0.304128
2.74e-006 5.4e-007 298332 6.25044e-007 0.773111
2.74e-006 5.5e-007 741738 6.25149e-007 13.5736
2.74e-006 5.6e-007 640830 6.46276e-007 5706.76
2.74e-006 5.7e-007 168771 6.25219e-007 1.35199
2.74e-006 5.8e-007 188250 6.25254e-007 0.253574
2.74e-006 5.9e-007 214732 6.25289e-007 578.288
2.74e-006 6e-007 525849 6.15265e-007 47335.9
2.75e-006 4e-007 213273 6.23014e-007 0.595515
2.75e-006 4.1e-007 229420 6.23678e-007 0.266262
2.75e-006 4.2e-007 219617 6.24272e-007 2.17903
2.75e-006 4.3e-007 235524 6.24798e-007 0.430307
2.75e-006 4.4e-007 78594.5 6.15401e-007 17009.6
2.75e-006 4.5e-007 252272 6.25606e-007 0.440727
2.75e-006 4.6e-007 477329 6.36155e-007 2.18481
2.75e-006 4.7e-007 4.06212e+006 6.16355e-007 150112
2.75e-006 4.8e-007 1.06118e+006 6.16526e-007 8.90462
2.75e-006 4.9e-007 1.11726e+006 6.26698e-007 86.8872
2.75e-006 5e-007 810403 6.16868e-007 1495.2
2.75e-006 5.1e-007 979083 6.17005e-007 13.5785
2.75e-006 5.2e-007 -9845.05 6.27086e-007 12596.4
2.75e-006 5.3e-007 329940 6.27192e-007 0.837615
2.75e-006 5.4e-007 479775 6.17278e-007 1.19027
2.75e-006 5.5e-007 495684 6.27369e-007 2.48431
2.75e-006 5.6e-007 235403 6.17381e-007 0.581301
2.75e-006 5.7e-007 199316 6.2744e-007 0.624786
2.75e-006 5.8e-007 271656 6.1745e-007 0.28244
2.75e-006 5.9e-007 281429 6.27511e-007 84.3849
2.75e-006 6e-007 -5886.83 6.27546e-007 2114.12
